                                                 [38;5;231m▀▀[48;5;231m█[49m▀[39m[00m
              [38;5;16m▄▄▄▄[48;5;16;38;5;228m▄▄▄▄▄▄[49;38;5;16m▄▄[39m                       [38;5;231m▄[48;5;231m█[49m▄▄[39m[00m
         [38;5;16m▄[48;5;16m▄[48;5;16;38;5;228m▄▄▄[48;5;228m██████████[48;5;16m▄[48;5;173;38;5;16m▄[48;5;16;38;5;173m▄[49;38;5;16m▄[39m   [38;5;16m▄[39m   [38;5;16m▄[39m      [38;5;231m▀▀▀[48;5;231m█[49m▀[39m      [00m
      [38;5;16m▄[48;5;16;38;5;228m▄▄[48;5;228m████████████████[48;5;16m▄[48;5;173;38;5;16m▄▄[48;5;16;38;5;231m▄▄[38;5;16m█[48;5;231;38;5;231m█[48;5;16;38;5;16m█[38;5;231m▄▄[48;5;16;38;5;16m▄[38;5;16m█[49;39m      [38;5;231m▄▀[39m        [00m
    [38;5;16m▄[48;5;16;38;5;173m▄[48;5;228;38;5;16m▄[38;5;228m█████████████████[38;5;16m▄[48;5;16;38;5;231m▄[48;5;231m████[48;5;16m▄[48;5;231m█████[48;5;16m▄[49;38;5;16m▄[39m    [38;5;231m▀▀▀▀▀[39m      [00m
   [38;5;16m▄[48;5;16;38;5;173m▄[48;5;173m██[48;5;16m▄[48;5;228;38;5;16m▄[38;5;228m████████████[48;5;215;38;5;215m█[48;5;228m▄[38;5;16m▄[48;5;16;38;5;231m▄[48;5;231m████████████[48;5;16m▄[49;38;5;16m▄[39m              [00m
   [48;5;16;38;5;16m█[48;5;173;38;5;173m████[48;5;16m▄[48;5;228;38;5;16m▄[38;5;228m██████[38;5;215m▄[38;5;228m██[38;5;215m▄[48;5;215m███[48;5;16;38;5;16m█[48;5;231;38;5;231m█████████████[38;5;237m▄[48;5;16;38;5;16m█[49;39m              [00m
   [48;5;16;38;5;16m█[48;5;173;38;5;173m█████[48;5;16m▄[48;5;228;38;5;16m▄[38;5;215m▄[38;5;228m███[38;5;215m▄[48;5;215m█████[38;5;228m▄[48;5;228;38;5;16m▄[48;5;16;38;5;231m▄[48;5;231m████████[48;5;237m▄▄[48;5;231m████[48;5;16;38;5;16m█[38;5;231m▄[49;38;5;16m▄[39m            [00m
   [48;5;16;38;5;16m█[48;5;173;38;5;173m██████[48;5;16;38;5;16m█[48;5;215;38;5;215m██████[48;5;228;38;5;228m█[48;5;215m▄[48;5;228m██[38;5;16m▄[48;5;16m█[48;5;231;38;5;231m█████[38;5;16m▄[38;5;231m██[48;5;237m▄▄[48;5;231;38;5;237m▄[38;5;231m███[38;5;16m▄[48;5;16m█[48;5;231;38;5;231m█[48;5;16;38;5;16m█[49;39m            [00m
   [48;5;16;38;5;16m█[48;5;173;38;5;173m█[38;5;95m▄▄▄▄[38;5;173m██[48;5;16;38;5;16m█[48;5;228;38;5;228m█[48;5;215m▄▄▄[48;5;228m███[38;5;16m▄▄[48;5;16;38;5;173m▄[38;5;16m█[48;5;231;38;5;231m█████[48;5;16;38;5;16m█[48;5;237;38;5;231m▄[48;5;231;38;5;237m▄▄[38;5;231m█[38;5;153m▄[48;5;16m▄[48;5;153m█[48;5;237;38;5;231m▄[48;5;231m██[48;5;16;38;5;16m█[49;39m             [00m
   [48;5;16;38;5;16m█[48;5;173;38;5;95m▄[48;5;95m████[48;5;173m▄[38;5;173m█[48;5;16m▄[48;5;228;38;5;16m▄▄▄[48;5;16;38;5;173m▄▄▄▄[48;5;173m███[48;5;16m▄[48;5;231;38;5;16m▄[38;5;231m████[48;5;16m▄[48;5;231;38;5;16m▄[38;5;231m██[48;5;237m▄[48;5;153m▄▄[48;5;231;38;5;16m▄[38;5;231m██[38;5;16m▄[49m▀[39m             [00m
   [48;5;16;38;5;16m█[48;5;95;38;5;95m██████[48;5;173;38;5;173m█████████████[48;5;16m▄[48;5;231;38;5;16m▄[38;5;231m████[48;5;16;38;5;16m██[48;5;231m▄▄▄▄▄[48;5;16m█[38;5;173m▄[49;38;5;16m▄▄▄▄▄▄[39m         [00m
   [38;5;16m▀[48;5;95m▄[38;5;95m██████[48;5;173;38;5;173m██████████████[48;5;16;38;5;16m█[48;5;231m▄▄[48;5;16;38;5;231m▄[48;5;60;38;5;16m▄[38;5;60m███[38;5;16m▄▄[48;5;16m█[48;5;173m▄▄[38;5;173m█[38;5;16m▄[48;5;16m█[48;5;231;38;5;231m█[48;5;16;38;5;16m█[48;5;215;38;5;215m█[48;5;16;38;5;16m█[49;39m        [00m
    [48;5;16;38;5;16m█[48;5;95;38;5;95m██████[48;5;173;38;5;173m██████████████[48;5;16;38;5;16m██[48;5;231;38;5;231m███[48;5;16;38;5;16m█[48;5;60m▄[48;5;16m█[48;5;231m▄▄[38;5;231m██[48;5;16m▄▄[48;5;231m█[38;5;16m▄[48;5;16;38;5;215m▄[48;5;215m██[48;5;16;38;5;16m█[38;5;173m▄▄[49;38;5;16m▄[39m     [00m
    [38;5;16m▀[48;5;95m▄[38;5;95m██████[48;5;173;38;5;173m████████████[38;5;16m▄[48;5;16;38;5;60m▄[48;5;231;38;5;231m█████[48;5;16;38;5;16m█[48;5;215;38;5;215m██[48;5;237m▄[48;5;16m▄▄▄[38;5;16m█[48;5;231;38;5;237m▄[48;5;16m▄[48;5;215;38;5;16m▄[38;5;215m█[38;5;16m▄[48;5;16m█[48;5;173;38;5;95m▄▄▄[48;5;16;38;5;16m█[49;39m    [00m
     [48;5;16;38;5;16m█[48;5;95;38;5;95m██████[48;5;173;38;5;173m████████████[48;5;16;38;5;16m█[48;5;60;38;5;60m█[48;5;231;38;5;231m█████[48;5;16;38;5;16m█[48;5;215;38;5;215m███████[48;5;237;38;5;16m▄[38;5;215m▄[48;5;16;38;5;16m█[48;5;215;38;5;215m█[48;5;16;38;5;16m█[38;5;231m▄[48;5;95;38;5;16m▄[38;5;95m███[48;5;16;38;5;16m█[49;39m   [00m
      [48;5;16;38;5;16m█[48;5;95;38;5;95m██████[48;5;173m▄[38;5;173m█[38;5;95m▄▄[48;5;95;38;5;173m▄▄▄▄▄▄[48;5;173;38;5;95m▄[48;5;16m▄[48;5;60;38;5;60m█[48;5;231;38;5;16m▄[38;5;231m██[38;5;16m▄[48;5;16;38;5;231m▄▄[48;5;215;38;5;16m▄▄▄[38;5;215m████[48;5;16;38;5;16m█[48;5;215;38;5;215m█[48;5;16;38;5;16m█[48;5;215;38;5;215m█[48;5;16;38;5;16m█[48;5;231;38;5;231m█[48;5;16;38;5;16m█[48;5;95;38;5;95m██[38;5;16m▄[49m▀[39m   [00m
      [48;5;16;38;5;16m█[48;5;95;38;5;95m███████[38;5;173m▄[48;5;173m██████████[48;5;95m▄▄[48;5;16;38;5;95m▄[48;5;231;38;5;16m▄[38;5;231m███[48;5;16m▄[48;5;231m█[48;5;16m▄[38;5;16m█[48;5;215;38;5;215m███[48;5;16;38;5;16m█[48;5;215;38;5;215m█[48;5;16;38;5;16m█[48;5;237m▄[48;5;16m█[38;5;95m▄[48;5;95m███[48;5;16;38;5;16m█[49;39m    [00m
       [48;5;16;38;5;16m█[48;5;95;38;5;95m██████[48;5;173;38;5;173m███████████████[48;5;95m▄[48;5;231;38;5;95m▄[38;5;231m███[48;5;16;38;5;16m█[48;5;215m▄▄▄[48;5;237m▄[48;5;16m█[48;5;237m▄[48;5;16;38;5;60m▄[48;5;60m██[48;5;16m▄[48;5;95;38;5;16m▄[38;5;95m██[48;5;16;38;5;16m█[49;39m    [00m
       [48;5;16;38;5;16m█[48;5;95;38;5;95m███████[48;5;173m▄▄[38;5;173m█████████[38;5;95m▄▄[48;5;95m██[48;5;173m▄[48;5;95m█[48;5;16;38;5;60m▄▄[48;5;60m███████████[48;5;16;38;5;16m█[48;5;95;38;5;95m██[48;5;16;38;5;16m█[49;39m    [00m
       [38;5;16m▀[48;5;95m▄[38;5;95m██████████[48;5;173m▄▄[38;5;173m██[38;5;95m▄[48;5;95m███████[38;5;60m▄[48;5;60m█████████████[48;5;16;38;5;16m█[48;5;95;38;5;95m██[48;5;16;38;5;16m█[49;39m    [00m
        [38;5;16m▀[48;5;95m▄[38;5;95m████████████[48;5;173m▄[48;5;95m████████[48;5;16;38;5;173m▄[38;5;95m▄[48;5;60;38;5;16m▄[38;5;60m██████████[38;5;16m▄[48;5;16;38;5;95m▄[48;5;95;38;5;16m▄▄[49m▀[39m    [00m
         [38;5;16m▀[48;5;95m▄[38;5;95m██████████████████[38;5;16m▄[38;5;95m███[48;5;16m▄[48;5;60;38;5;16m▄▄▄▄[38;5;60m███[38;5;16m▄[48;5;16m█[38;5;231m▄▄▄[49;38;5;16m▄▄[39m     [00m
           [38;5;16m▀▀[48;5;95m▄▄[38;5;95m██████████████[48;5;16;38;5;16m█[48;5;95;38;5;95m████[48;5;16;38;5;16m██[48;5;231;38;5;231m██[48;5;16m▄▄▄[38;5;16m█[48;5;231;38;5;231m███[38;5;16m▄[38;5;231m██[48;5;16;38;5;16m█[49;39m    [00m
               [38;5;16m▀▀[48;5;95m▄▄[38;5;95m██████████████[38;5;16m▄[48;5;16m█[48;5;231;38;5;231m██████[48;5;16m▄▄[48;5;231;38;5;16m▄▄▄[49m▀▀[39m     [00m
                   [38;5;16m▀▀[48;5;95m▄▄[38;5;95m██████[38;5;16m▄▄[49m▀▀[39m  [38;5;16m▀▀[48;5;231m▄[38;5;231m███[48;5;16m▄[48;5;231;38;5;16m▄▄[49m▀[39m        [00m
                       [38;5;16m▀▀▀▀▀▀[39m         [38;5;16m▀▀[48;5;231m▄▄[49m▀[39m          [00m
                                                     [00m
