          [48;5;233;38;5;103m▄[48;5;231;38;5;231m█[48;5;216m▄[48;5;233;38;5;103m▄[49;38;5;233m▄▄[39m    [38;5;103m▄[38;5;233m▄▄▄▄▄[38;5;103m▄[38;5;233m▄[38;5;103m▄[39m    [38;5;103m▄[38;5;233m▄[48;5;103;38;5;231m▄[48;5;233m▄[48;5;231m██[48;5;216;38;5;216m█[48;5;103;38;5;233m▄[49;39m       [00m
         [48;5;233;38;5;233m█[48;5;231;38;5;103m▄▄[48;5;103;38;5;233m▄[48;5;216;38;5;216m█[48;5;231;38;5;231m██[48;5;103m▄[48;5;233;38;5;216m▄[38;5;103m▄[38;5;231m▄[48;5;231;38;5;216m▄▄[38;5;231m██[48;5;103m▄[38;5;103m█[48;5;231;38;5;231m██[48;5;216;38;5;216m█[48;5;103m▄▄[48;5;233m▄▄[48;5;103m▄[48;5;216;38;5;231m▄[48;5;231m███[38;5;216m▄[48;5;216m█[48;5;233;38;5;233m█[49;39m       [00m
         [48;5;233;38;5;233m█[48;5;231;38;5;231m███[48;5;233;38;5;103m▄[48;5;231;38;5;233m▄▄[48;5;233;38;5;103m▄▄[48;5;103;38;5;233m▄[48;5;231;38;5;231m███[48;5;216m▄▄[48;5;103m▄[48;5;233m▄[38;5;103m▄[48;5;231m▄[48;5;216;38;5;216m██[48;5;103;38;5;103m█[48;5;233;38;5;233m█[38;5;103m▄▄[48;5;216;38;5;233m▄[48;5;231m▄[38;5;216m▄[48;5;216m███[49;38;5;233m▀[39m  [38;5;233m▄▄[39m   [00m
         [38;5;103m▀[48;5;231m▄[38;5;231m██[48;5;233;38;5;233m█[48;5;103m▄▄[48;5;233m██[38;5;231m▄[48;5;231m█████████[48;5;103;38;5;216m▄▄[48;5;233;38;5;233m████[48;5;103m▄▄[48;5;233m█[48;5;216;38;5;216m██[48;5;103;38;5;233m▄[49;38;5;216m▄[48;5;233;38;5;233m█[38;5;231m▄[48;5;231m██[48;5;233;38;5;216m▄[49;38;5;233m▄[39m [00m
          [48;5;233;38;5;233m█[48;5;231;38;5;231m███[48;5;103m▄▄[48;5;231m█[38;5;233m▄▄[38;5;231m████████[38;5;216m▄[48;5;216m█[38;5;103m▄[38;5;233m▄▄[48;5;231m▄[38;5;231m█[48;5;103m▄[38;5;216m▄[48;5;216m██[38;5;103m▄[48;5;233;38;5;233m██[48;5;216;38;5;216m█[48;5;231;38;5;231m███[48;5;216m▄[48;5;233;38;5;216m▄[49;39m [00m
          [38;5;233m▀[48;5;231;38;5;103m▄[38;5;231m██[38;5;233m▄[48;5;233;38;5;103m▄▄[48;5;103;38;5;233m▄▄[48;5;233;38;5;103m▄[48;5;231;38;5;231m███████[48;5;216;38;5;216m██[48;5;233;38;5;233m██[48;5;103m▄▄[48;5;233;38;5;103m▄[48;5;231;38;5;233m▄[48;5;216;38;5;216m███[48;5;233;38;5;233m██[48;5;216;38;5;216m█[48;5;233;38;5;233m█[48;5;231;38;5;231m██[38;5;233m▄[48;5;233;38;5;103m▄[38;5;216m▄[48;5;103;38;5;233m▄[49;39m[00m
           [38;5;233m▀[48;5;231;38;5;103m▄[38;5;231m█[48;5;233m▄[38;5;233m█████[48;5;231;38;5;103m▄[38;5;231m█████[38;5;216m▄[48;5;216m█[48;5;103;38;5;103m█[48;5;233;38;5;233m██████[48;5;216;38;5;216m██[48;5;103;38;5;233m▄[48;5;233;38;5;216m▄[48;5;216m█[38;5;103m▄[48;5;233;38;5;233m█[48;5;103;38;5;103m█[38;5;231m▄[48;5;231m█[48;5;103;38;5;103m█[48;5;216;38;5;216m█[48;5;233;38;5;233m█[49;39m[00m
     [38;5;103m▄[48;5;233;38;5;231m▄▄▄[49;38;5;233m▄[39m  [38;5;233m▀[48;5;231m▄[38;5;231m█[48;5;233m▄[38;5;233m████[48;5;103m▄[48;5;231;38;5;231m█[38;5;216m▄[38;5;231m█[38;5;216m▄▄[48;5;216m█[38;5;103m▄[48;5;233;38;5;233m█████[38;5;216m▄[48;5;216m██[48;5;103;38;5;233m▄[48;5;233;38;5;216m▄[48;5;216m█[38;5;233m▄[49;39m [48;5;233;38;5;233m█[48;5;231;38;5;231m███[48;5;103;38;5;103m█[48;5;216;38;5;216m█[48;5;233;38;5;233m█[49;39m[00m
    [48;5;103;38;5;233m▄[38;5;231m▄[48;5;231;38;5;103m▄[38;5;231m██[48;5;233m▄[49;38;5;233m▄[39m   [38;5;233m▀[48;5;231m▄▄[48;5;103;38;5;231m▄[48;5;233m▄[38;5;233m██[48;5;216;38;5;216m█[48;5;231;38;5;103m▄[48;5;216;38;5;233m▄[48;5;231m▄[48;5;216;38;5;103m▄[48;5;103;38;5;216m▄[38;5;103m█[48;5;233;38;5;233m██[38;5;103m▄[38;5;231m▄[48;5;231;38;5;103m▄[38;5;233m▄[48;5;103m▄[48;5;233;38;5;103m▄[48;5;103m█[48;5;216m▄[48;5;233;38;5;233m█[49;39m  [48;5;103;38;5;233m▄[48;5;231;38;5;231m██[38;5;103m▄[48;5;216;38;5;216m█[38;5;233m▄[49m▀[39m[00m
   [48;5;216;38;5;103m▄[48;5;231;38;5;231m███[48;5;233;38;5;233m█[48;5;231;38;5;103m▄[38;5;231m█[48;5;233;38;5;103m▄[49;38;5;233m▄[39m  [48;5;233;38;5;233m█[48;5;231;38;5;231m█[38;5;216m▄[48;5;233;38;5;233m█[48;5;231m▄[48;5;216m▄[38;5;216m██[48;5;233m▄▄▄▄[48;5;216;38;5;103m▄[48;5;103m█[48;5;231m▄[38;5;233m▄▄[48;5;103m▄[48;5;233;38;5;103m▄[38;5;233m█[48;5;103m▄[38;5;103m██[48;5;233;38;5;233m█[49;39m  [38;5;103m▄[48;5;233;38;5;231m▄[48;5;231m██[48;5;103;38;5;216m▄[48;5;216;38;5;233m▄[49m▀[39m [00m
   [48;5;233;38;5;233m█[48;5;103;38;5;231m▄[48;5;233m▄[48;5;231;38;5;103m▄[48;5;103;38;5;216m▄[48;5;216m█[48;5;103;38;5;233m▄[48;5;233;38;5;103m▄[48;5;103;38;5;231m▄[49;38;5;233m▄[48;5;233m█[48;5;231;38;5;231m█[48;5;216;38;5;216m█[48;5;233;38;5;233m█[48;5;103m▄[48;5;233m█[48;5;216;38;5;216m█[48;5;233m▄[38;5;103m▄[48;5;103;38;5;233m▄▄▄▄[48;5;233m██[38;5;103m▄[38;5;216m▄▄[48;5;103;38;5;103m█[48;5;233;38;5;233m█[49m▀▀▀▀[39m   [48;5;103;38;5;233m▄[48;5;231;38;5;231m██[48;5;103m▄[48;5;216;38;5;233m▄[49m▀[39m  [00m
   [48;5;233;38;5;233m█[48;5;231;38;5;231m██[48;5;233;38;5;233m█[48;5;216;38;5;216m█[38;5;233m▄[49m▀[48;5;233m█[48;5;103m▄[48;5;233;38;5;103m▄[48;5;231;38;5;216m▄[48;5;216m█[48;5;103;38;5;233m▄[49m▀▀[39m [38;5;233m▀[48;5;103m▄[48;5;216m▄[48;5;231m▄▄▄[48;5;216m▄▄▄▄▄[48;5;103m▄[48;5;233m█[49;39m       [48;5;103;38;5;233m▄[48;5;231;38;5;231m██[38;5;216m▄[48;5;216;38;5;233m▄[49m▀[39m   [00m
   [48;5;233;38;5;103m▄[48;5;231;38;5;231m██[48;5;216;38;5;216m█[48;5;103m▄[48;5;233;38;5;233m█[49;39m  [48;5;233;38;5;233m█[48;5;231;38;5;231m█[48;5;103;38;5;103m█[48;5;216;38;5;233m▄[49m▀[39m   [48;5;233;38;5;103m▄[48;5;231;38;5;231m█[48;5;103m▄[48;5;233m▄[38;5;103m▄[38;5;233m███[38;5;103m▄[38;5;216m▄[48;5;103;38;5;231m▄[48;5;216;38;5;103m▄[48;5;103;38;5;233m▄[48;5;233m█[49;39m     [38;5;103m▄[48;5;233;38;5;231m▄[48;5;231m█[38;5;216m▄[48;5;216;38;5;233m▄[49m▀[39m    [00m
   [38;5;216m▀[48;5;231;38;5;233m▄[38;5;231m█[48;5;216;38;5;216m██[48;5;233;38;5;233m█[49;39m  [38;5;233m▀[48;5;231m▄[48;5;103m▄[49m▀[39m     [38;5;103m▀[48;5;233;38;5;233m██[48;5;231m▄▄▄[48;5;103m▄[48;5;231m▄[48;5;233m██[38;5;231m▄▄[49;38;5;233m▄▄▄[38;5;103m▄[39m [38;5;233m▄[48;5;233;38;5;231m▄[48;5;231m█[38;5;216m▄[48;5;216;38;5;233m▄[49m▀[39m     [00m
    [48;5;233;38;5;103m▄[48;5;231;38;5;231m█[48;5;216;38;5;216m██[48;5;231;38;5;231m█[48;5;233;38;5;233m█[49;39m      [38;5;103m▄[38;5;233m▄[38;5;103m▄[48;5;103;38;5;231m▄[48;5;233;38;5;216m▄[38;5;233m██[48;5;103m▄[48;5;231;38;5;216m▄[38;5;103m▄[48;5;103;38;5;216m▄[48;5;216;38;5;233m▄[48;5;233m█[48;5;103m▄[48;5;231;38;5;103m▄[38;5;216m▄[38;5;103m▄[48;5;103m█[38;5;233m▄▄[48;5;233;38;5;16m▄[48;5;231;38;5;233m▄[38;5;231m█[38;5;233m▄[48;5;233m█[49;39m       [00m
     [48;5;233;38;5;103m▄[48;5;216;38;5;216m███[48;5;233;38;5;233m█[49;39m    [48;5;103;38;5;233m▄[48;5;233;38;5;216m▄[48;5;231m▄▄▄[38;5;233m▄[48;5;216m▄▄[49m▀[48;5;233m█[48;5;216m▄[48;5;103;38;5;216m▄[48;5;216;38;5;233m▄[48;5;233m█[38;5;216m▄[49;38;5;233m▀[38;5;103m▀[48;5;103;38;5;233m▄▄[48;5;233;38;5;216m▄▄[38;5;231m▄▄[48;5;216;38;5;216m█[48;5;233m▄[38;5;231m▄[38;5;216m▄[49;39m       [00m
      [48;5;233;38;5;103m▄[48;5;216;38;5;216m██[48;5;231;38;5;231m█[48;5;233;38;5;233m█[49;39m  [38;5;233m▄▄[48;5;233m█[38;5;231m▄[38;5;233m█[49m▀[39m    [38;5;233m▄[48;5;233;38;5;103m▄▄▄[48;5;231;38;5;233m▄[49;38;5;216m▀[39m    [38;5;233m▀[48;5;233m██[38;5;103m▄[48;5;216;38;5;233m▄[48;5;103;38;5;103m█[38;5;233m▄[49m▀[39m       [00m
       [48;5;233;38;5;103m▄[48;5;216m▄[38;5;216m█[48;5;231;38;5;231m█[48;5;233;38;5;233m█[38;5;231m▄[48;5;216;38;5;103m▄[48;5;231;38;5;231m█[48;5;233;38;5;216m▄[38;5;103m▄[49;39m      [48;5;216;38;5;216m█[48;5;233;38;5;233m█[38;5;216m▄[38;5;233m█[48;5;103;38;5;216m▄[49;39m    [38;5;233m▄[48;5;233m█[48;5;216m▄[38;5;216m█[48;5;103;38;5;233m▄[49m▀▀[39m         [00m
        [38;5;233m▀[48;5;103;38;5;103m█[48;5;216;38;5;233m▄[48;5;231;38;5;216m▄[38;5;233m▄[48;5;233m█[48;5;231;38;5;231m█[48;5;216;38;5;216m█[48;5;233;38;5;233m█[49;39m       [48;5;233;38;5;103m▄[48;5;216;38;5;233m▄[48;5;233;38;5;103m▄[49;39m    [48;5;233;38;5;103m▄[48;5;103;38;5;233m▄[48;5;231m▄[48;5;216;38;5;103m▄[48;5;103;38;5;231m▄[48;5;233m▄[38;5;216m▄[49;38;5;233m▄▄[39m [38;5;233m▄[38;5;103m▄[39m     [00m
           [38;5;233m▀[48;5;233m█[48;5;231m▄[48;5;233;38;5;216m▄[48;5;216;38;5;231m▄[48;5;233;38;5;233m█[49m▄[38;5;216m▄[39m     [38;5;216m▀[48;5;233;38;5;103m▄[49;38;5;216m▀[39m      [38;5;103m▀[38;5;233m▀[48;5;233;38;5;103m▄[48;5;103;38;5;233m▄[48;5;216m▄▄[38;5;231m▄[48;5;233;38;5;216m▄[48;5;216;38;5;233m▄[48;5;231m▄[48;5;233;38;5;103m▄[48;5;216;38;5;216m█[49;39m   [00m
       [48;5;216;38;5;233m▄[48;5;103;38;5;231m▄[48;5;233m▄[38;5;103m▄[38;5;233m█[48;5;103m▄▄[48;5;233;38;5;216m▄▄[48;5;231;38;5;233m▄▄[49m▀[39m      [38;5;216m▀[39m           [38;5;103m▀[38;5;233m▀[48;5;231m▄▄[48;5;233;38;5;216m▄[49;39m      [00m
      [38;5;216m▀[38;5;103m▀[38;5;233m▀[48;5;233;38;5;103m▄[48;5;231;38;5;233m▄▄▄[48;5;233;38;5;103m▄[38;5;216m▄[49;38;5;233m▀[38;5;103m▀[38;5;216m▀[39m                              [00m
                                                [00m
