                           [38;5;16m▄▄[48;5;16;38;5;23m▄[48;5;23;38;5;16m▄▄▄▄▄[38;5;23m█[48;5;247m▄[38;5;247m█[38;5;23m▄[48;5;23;38;5;247m▄[48;5;247;38;5;23m▄[48;5;16;38;5;247m▄[38;5;23m▄[38;5;16m█[48;5;23m▄[48;5;247m▄▄[38;5;23m▄[48;5;16m▄▄[49;38;5;16m▄▄[39m       [00m
                    [38;5;23m▄[38;5;16m▄[48;5;23;38;5;231m▄[48;5;16m▄▄▄▄[48;5;247;38;5;16m▄▄▄[38;5;23m▄[48;5;23;38;5;247m▄[48;5;247;38;5;23m▄[48;5;23;38;5;247m▄[38;5;23m█[48;5;16;38;5;247m▄[38;5;23m▄▄[48;5;23;38;5;16m▄▄[48;5;247;38;5;23m▄[48;5;23;38;5;247m▄[48;5;247;38;5;23m▄[48;5;23m█[48;5;247m▄[48;5;16m▄[48;5;23;38;5;16m▄[48;5;16;38;5;23m▄▄[48;5;23;38;5;16m▄[38;5;23m██[48;5;16m▄[49;38;5;16m▄[39m     [00m
                [38;5;16m▄▄[38;5;23m▄[48;5;23;38;5;231m▄[48;5;231m███[38;5;247m▄▄▄[48;5;247m█[38;5;23m▄▄▄[48;5;16m▄▄[48;5;247;38;5;16m▄[48;5;23m▄[48;5;247;38;5;23m▄[48;5;23m█████[48;5;16m▄[48;5;23;38;5;16m▄[38;5;23m█████[48;5;16;38;5;16m█[48;5;23;38;5;23m██[48;5;16;38;5;16m█[48;5;23;38;5;23m███[48;5;16m▄[49;39m    [00m
       [38;5;23m▄[38;5;16m▄▄▄▄[48;5;23;38;5;231m▄[48;5;16;38;5;247m▄▄[38;5;23m▄[48;5;23m█[48;5;16;38;5;16m█[48;5;247;38;5;23m▄[38;5;16m▄▄▄▄[38;5;23m▄[48;5;23m██████████[48;5;16m▄[48;5;23;38;5;16m▄[38;5;23m██████[48;5;16m▄[48;5;23;38;5;16m▄▄▄[48;5;16;38;5;23m▄[48;5;23m█[38;5;16m▄▄▄[48;5;16m█[48;5;23m▄[38;5;23m██[48;5;16;38;5;16m█[49;39m   [00m
    [38;5;23m▄[48;5;23;38;5;231m▄[48;5;16;38;5;247m▄[48;5;231m▄[48;5;247;38;5;23m▄▄[48;5;23m██████[38;5;16m▄[48;5;16;38;5;247m▄▄[48;5;23m▄[38;5;23m█[38;5;247m▄[38;5;23m█[48;5;16m▄▄[48;5;23;38;5;16m▄▄[38;5;23m██████[38;5;16m▄▄[48;5;16;38;5;23m▄[48;5;23m█████████[38;5;16m▄[48;5;16;38;5;23m▄[38;5;247m▄[48;5;23m▄[48;5;247m██[38;5;231m▄[38;5;247m█[48;5;16m▄▄[38;5;16m█[48;5;23m▄[49;39m  [00m
   [38;5;23m▀[48;5;23;38;5;16m▄▄▄▄▄▄▄[38;5;23m████[38;5;16m▄[48;5;16;38;5;247m▄[48;5;247m█[38;5;23m▄[48;5;23;38;5;247m▄[48;5;247;38;5;23m▄[48;5;23;38;5;247m▄[48;5;247;38;5;23m▄[48;5;23m█[48;5;247m▄[48;5;23m██[48;5;16m▄▄[48;5;23;38;5;16m▄▄[48;5;16;38;5;23m▄▄[48;5;23m██████[38;5;247m▄▄[38;5;231m▄▄▄[48;5;16;38;5;16m█[48;5;23;38;5;247m▄[48;5;247m█[38;5;231m▄[48;5;231;38;5;247m▄[48;5;247;38;5;231m▄[48;5;231;38;5;247m▄[48;5;247;38;5;231m▄[48;5;231;38;5;247m▄[48;5;247;38;5;231m▄[38;5;247m██[48;5;16;38;5;16m█[49;38;5;23m▄[39m [00m
           [38;5;16m▀▀[48;5;23m▄[48;5;16;38;5;231m▄▄[38;5;247m▄▄▄[48;5;23;38;5;16m▄▄[38;5;23m███████████████[38;5;247m▄[48;5;247;38;5;231m▄▄[48;5;231m█████[38;5;247m▄[48;5;16m▄▄[48;5;247;38;5;16m▄[48;5;231m▄[48;5;247;38;5;23m▄[48;5;231;38;5;247m▄[48;5;247;38;5;231m▄[48;5;231;38;5;247m▄[48;5;247;38;5;231m▄[38;5;247m███[48;5;16;38;5;16m█[49;39m [00m
            [48;5;23;38;5;16m▄[48;5;247;38;5;247m██[38;5;23m▄▄[48;5;23m████[48;5;16m▄▄[48;5;23;38;5;16m▄[38;5;23m████████[38;5;16m▄▄▄▄[38;5;23m█[48;5;247m▄▄▄[48;5;231;38;5;247m▄▄▄[48;5;247m██[38;5;23m▄[38;5;247m█[38;5;23m▄[48;5;23;38;5;247m▄[48;5;247;38;5;23m▄[48;5;16m▄▄[48;5;231;38;5;16m▄[48;5;247m▄[38;5;247m███[48;5;16m▄[49;38;5;16m▄[39m[00m
           [48;5;23;38;5;16m▄[48;5;247;38;5;247m█[38;5;23m▄[48;5;23m██████████[48;5;16;38;5;16m█[48;5;23;38;5;23m███[38;5;16m▄[48;5;16m██[38;5;23m▄[38;5;247m▄[38;5;16m██████[48;5;23m▄▄▄▄[38;5;23m██[48;5;247m▄[48;5;23m█[48;5;247m▄[48;5;23m██████[48;5;16m▄▄[48;5;247;38;5;16m▄[38;5;247m█[48;5;16;38;5;16m█[49;39m[00m
   [38;5;16m▄[48;5;23;38;5;231m▄▄[49;38;5;23m▄▄[39m   [48;5;16;38;5;23m▄[48;5;23;38;5;16m▄▄▄▄[38;5;23m███████[38;5;16m▄[48;5;16;38;5;23m▄[48;5;23m█[38;5;16m▄▄[48;5;16;38;5;247m▄[38;5;16m█[48;5;231;38;5;231m███[48;5;16;38;5;16m█[48;5;23;38;5;247m▄[48;5;247m██████[48;5;16m▄▄▄▄▄▄▄[38;5;16m█[48;5;23m▄▄▄▄[38;5;23m████[48;5;16;38;5;16m██[49;39m[00m
   [38;5;16m▀[48;5;231m▄[38;5;247m▄[38;5;231m██[48;5;23m▄[48;5;16m▄▄[38;5;16m█[48;5;23;38;5;23m█[38;5;247m▄[38;5;23m██[48;5;16m▄▄[48;5;23;38;5;16m▄▄[38;5;23m██[38;5;16m▄[48;5;16;38;5;23m▄[48;5;23m█[38;5;16m▄[48;5;16m█[48;5;247m▄[48;5;231m▄▄[38;5;23m▄[48;5;23;38;5;247m▄[48;5;16m▄[48;5;247m████████████████████[48;5;16m▄▄[48;5;23;38;5;16m▄▄[48;5;16;38;5;247m▄[38;5;16m█[49;39m[00m
     [38;5;16m▀[48;5;247m▄[48;5;231m▄[38;5;247m▄[38;5;231m██[48;5;16;38;5;16m█[48;5;247;38;5;23m▄[48;5;23;38;5;247m▄[48;5;247;38;5;23m▄[48;5;23m█████[48;5;16m▄▄[48;5;23m██[38;5;16m▄[48;5;16;38;5;23m▄[48;5;23;38;5;247m▄▄[48;5;247m███[38;5;16m▄▄[38;5;247m█[38;5;16m▄▄▄[38;5;247m█████████████████████[48;5;16;38;5;16m█[49;39m[00m
       [38;5;16m▀▀[48;5;247m▄▄[48;5;16;38;5;231m▄▄[48;5;23;38;5;16m▄▄▄[38;5;23m████████[48;5;16;38;5;16m█[48;5;23m▄[48;5;16m███[48;5;23m▄[38;5;231m▄[48;5;231m██[48;5;16m▄[48;5;247;38;5;23m▄▄[38;5;247m█[48;5;23m▄[48;5;247;38;5;16m▄[38;5;247m███████████████[38;5;23m▄[38;5;247m██[38;5;16m▄[49;39m [00m
          [48;5;16;38;5;23m▄[48;5;231;38;5;247m▄[38;5;23m▄[48;5;247m▄▄▄[48;5;16m▄▄▄[48;5;23;38;5;16m▄[38;5;23m███[48;5;16;38;5;16m█[48;5;23;38;5;23m█[48;5;247m▄[38;5;247m███[48;5;16;38;5;16m█[48;5;231;38;5;231m██████[48;5;247;38;5;247m██[48;5;16;38;5;16m█[48;5;247;38;5;247m███[38;5;231m▄▄[38;5;247m█████████[38;5;16m▄[48;5;23;38;5;247m▄[48;5;247m██[48;5;16;38;5;16m█[49;39m [00m
           [48;5;16;38;5;16m█[48;5;23;38;5;23m███████[48;5;16m▄[48;5;23;38;5;16m▄[38;5;23m██[48;5;16;38;5;16m████[48;5;23m▄▄▄▄[48;5;231;38;5;231m██[38;5;247m▄▄[48;5;247m██[48;5;23;38;5;16m▄[38;5;23m█[48;5;247;38;5;247m██[48;5;231;38;5;231m███[48;5;247;38;5;247m████████[38;5;16m▄[48;5;16;38;5;247m▄[48;5;247;38;5;16m▄[48;5;16;38;5;23m▄▄[48;5;23m█[48;5;16;38;5;16m█[49;39m[00m
            [38;5;16m▀[48;5;23m▄▄[38;5;23m█████[48;5;16;38;5;16m█[48;5;23;38;5;23m██[48;5;16m▄[38;5;16m████[38;5;23m▄[49;38;5;16m▀▀▀▀[48;5;247m▄▄[48;5;16m█[38;5;23m▄[48;5;23m█[38;5;247m▄[48;5;247m█[48;5;231;38;5;231m████[48;5;247;38;5;247m█████[38;5;16m▄[48;5;16m██[48;5;247;38;5;23m▄[48;5;23;38;5;247m▄[48;5;16;38;5;16m█[48;5;23;38;5;23m███[48;5;16;38;5;16m█[49;39m[00m
            [38;5;16m▄[48;5;23;38;5;231m▄[48;5;16;38;5;16m█[48;5;23;38;5;247m▄[48;5;16;38;5;23m▄▄▄▄[48;5;23m████[48;5;16m▄[38;5;16m██[49;39m         [48;5;16;38;5;16m█[38;5;247m▄[48;5;23;38;5;16m▄[48;5;247m▄▄[48;5;231;38;5;247m▄▄[48;5;247m██[38;5;16m▄▄[48;5;16;38;5;23m▄▄[38;5;16m██[38;5;247m▄[48;5;247;38;5;23m▄[48;5;23;38;5;247m▄[48;5;16m▄[48;5;23;38;5;16m▄▄▄[49m▀[39m[00m
            [38;5;16m▀[48;5;231m▄[38;5;231m█[48;5;16m▄[38;5;16m█[48;5;247m▄[48;5;23m▄[38;5;23m██[38;5;16m▄▄▄[38;5;23m██[48;5;16m▄▄[48;5;23;38;5;16m▄[49;39m      [48;5;16;38;5;16m█[48;5;247;38;5;247m█[38;5;23m▄▄[48;5;23m██[48;5;16;38;5;16m█[48;5;247;38;5;247m██[48;5;16;38;5;16m█[48;5;247;38;5;247m█[38;5;23m▄[48;5;23m███[48;5;16;38;5;16m█[48;5;231;38;5;231m██[48;5;23m▄[38;5;23m██[38;5;231m▄[48;5;16m▄[49;38;5;16m▄[39m[00m
              [38;5;23m▀[38;5;16m▀▀▀[48;5;23m▄[48;5;16;38;5;23m▄▄[48;5;23m███[48;5;16m▄[48;5;23;38;5;16m▄[38;5;23m██[48;5;16;38;5;16m█[49;39m       [48;5;16;38;5;16m█[48;5;23m▄▄▄▄[48;5;16;38;5;23m▄[48;5;247m▄[38;5;247m█[48;5;16;38;5;23m▄[48;5;23;38;5;16m▄▄▄▄[48;5;16m█[48;5;231m▄▄▄[49m▀▀▀▀▀[39m [00m
                   [38;5;16m▀▀▀[48;5;16m███[48;5;23m▄▄[49m▀[39m        [38;5;16m▀[48;5;231m▄▄[48;5;23;38;5;23m█[38;5;231m▄[48;5;231m██[48;5;23m▄[48;5;247;38;5;23m▄[48;5;23m█[48;5;231;38;5;16m▄▄[49m▀[39m          [00m
                                       [38;5;16m▀[48;5;231m▄▄▄▄[49m▀▀[39m             [00m
                                                           [00m
