      [38;5;239m▄[48;5;239;38;5;231m▄[48;5;16;38;5;245m▄[48;5;245;38;5;231m▄[48;5;231;38;5;239m▄[48;5;245;38;5;231m▄[48;5;231;38;5;245m▄[48;5;16m▄[48;5;245;38;5;16m▄[38;5;239m▄[48;5;16m▄[49;38;5;16m▄[39m                         [00m
     [38;5;239m▄[48;5;16;38;5;245m▄[48;5;245;38;5;239m▄[48;5;231;38;5;16m▄[48;5;245;38;5;245m██[48;5;16m▄[48;5;245;38;5;16m▄[48;5;239;38;5;239m██[48;5;16;38;5;16m█[48;5;239m▄[49m▀[39m                         [00m
     [48;5;16;38;5;16m█[48;5;245;38;5;245m███[48;5;16m▄[48;5;245;38;5;16m▄[38;5;239m▄[48;5;239m█[48;5;16;38;5;16m█[48;5;239m▄[48;5;16;38;5;239m▄[48;5;239m█[48;5;16;38;5;16m█[49;39m     [38;5;239m▄[38;5;16m▄▄▄[39m                [00m
    [38;5;239m▄[48;5;16m▄[48;5;245m▄[48;5;16m▄[48;5;239;38;5;16m▄▄[48;5;16;38;5;239m▄[48;5;239;38;5;16m▄[48;5;16m██[48;5;239m▄▄[49m▀[39m [38;5;239m▄[38;5;16m▄[48;5;239;38;5;245m▄[48;5;16;38;5;231m▄[38;5;245m▄[48;5;245;38;5;231m▄[38;5;245m███[48;5;16m▄[38;5;239m▄[38;5;245m▄[49;38;5;16m▄▄[39m           [00m
    [48;5;16;38;5;16m█[48;5;239;38;5;245m▄[38;5;239m████[48;5;16;38;5;16m█[49m▀[39m    [38;5;239m▄[48;5;16;38;5;245m▄[48;5;245m█[48;5;239;38;5;16m▄[48;5;231;38;5;245m▄[48;5;245;38;5;231m▄[48;5;231;38;5;245m▄[48;5;245;38;5;231m▄[48;5;231;38;5;245m▄[48;5;245m█[38;5;16m▄▄[38;5;239m▄[48;5;239;38;5;245m▄[48;5;245;38;5;239m▄[48;5;239;38;5;245m▄[48;5;16;38;5;239m▄[49;38;5;16m▄[39m         [00m
   [48;5;16;38;5;16m█[48;5;245;38;5;245m███[48;5;239;38;5;239m██[48;5;16;38;5;16m█[49;39m     [38;5;16m▄[48;5;16;38;5;245m▄[48;5;245m██[38;5;231m▄[48;5;16;38;5;245m▄[48;5;245;38;5;16m▄[48;5;231m▄[48;5;245;38;5;239m▄[48;5;16;38;5;245m▄▄[48;5;245m██[38;5;239m▄[48;5;239;38;5;245m▄[48;5;245;38;5;239m▄[48;5;239;38;5;245m▄[48;5;245;38;5;239m▄[48;5;239;38;5;245m▄[48;5;16;38;5;16m█[49;39m        [00m
   [38;5;239m▀[48;5;245;38;5;16m▄[38;5;245m█[38;5;239m▄[48;5;239m█[38;5;16m▄[48;5;16;38;5;239m▄[49;38;5;16m▄▄[48;5;16;38;5;245m▄[38;5;239m▄▄[38;5;245m▄▄[48;5;239;38;5;231m▄[48;5;231;38;5;16m▄[48;5;245;38;5;239m▄[48;5;231;38;5;245m▄[48;5;245;38;5;231m▄[48;5;231;38;5;245m▄[48;5;245;38;5;231m▄[38;5;245m██[38;5;16m▄▄[38;5;239m▄[48;5;239;38;5;245m▄[48;5;245;38;5;239m▄[48;5;239;38;5;245m▄[48;5;245;38;5;239m▄[48;5;16;38;5;16m█[48;5;239;38;5;239m█[48;5;16;38;5;16m█[49;39m       [00m
    [38;5;16m▀[48;5;239m▄[48;5;16m█[38;5;239m▄[48;5;239;38;5;245m▄▄[38;5;239m██[48;5;245m▄▄[48;5;239;38;5;16m▄[48;5;245m▄[48;5;231;38;5;245m▄▄[48;5;245m█[48;5;16m▄[48;5;231m▄[48;5;245;38;5;231m▄[48;5;231;38;5;245m▄[48;5;245;38;5;16m▄[48;5;16;38;5;231m▄[48;5;239;38;5;245m▄[48;5;245m█[48;5;239m▄[48;5;16;38;5;239m▄[38;5;245m▄[48;5;245;38;5;16m▄[48;5;239m▄[48;5;16;38;5;239m▄[48;5;239m██[48;5;16;38;5;16m█[49;39m       [00m
       [38;5;16m▀▀▀[38;5;239m▀[48;5;245;38;5;16m▄▄[48;5;239m▄[48;5;16m█[48;5;245;38;5;245m█[48;5;16;38;5;239m▄[38;5;231m▄[48;5;245;38;5;16m▄[48;5;239;38;5;239m█[48;5;245;38;5;245m██[38;5;239m▄[48;5;231;38;5;231m█[48;5;245m▄[48;5;231;38;5;245m▄[48;5;245;38;5;16m▄[48;5;239m▄[48;5;245m▄[48;5;239;38;5;239m███[38;5;16m▄[48;5;16;38;5;239m▄[48;5;239;38;5;16m▄[48;5;16m█[49;39m       [00m
              [48;5;16;38;5;239m▄[48;5;245;38;5;245m█[48;5;239m▄[48;5;231;38;5;239m▄[38;5;231m█[48;5;16;38;5;16m█[48;5;239;38;5;239m█[48;5;245m▄[48;5;239m█[48;5;245;38;5;16m▄[48;5;16;38;5;231m▄▄[48;5;231m█[48;5;239;38;5;239m██████[48;5;16;38;5;245m▄[48;5;239;38;5;231m▄[48;5;245;38;5;245m█[48;5;16;38;5;231m▄[49;38;5;16m▄[39m     [00m
               [48;5;16;38;5;239m▄[48;5;245;38;5;245m██[48;5;239m▄▄[48;5;245m██[48;5;239m▄[48;5;16m▄[48;5;231;38;5;239m▄▄[48;5;239m██[38;5;16m▄[48;5;16;38;5;231m▄[38;5;245m▄▄[48;5;239;38;5;16m▄[48;5;245;38;5;239m▄[38;5;16m▄[48;5;231m▄[48;5;245;38;5;231m▄[48;5;231;38;5;245m▄[48;5;16;38;5;16m█[48;5;239m▄[49m▄[39m  [00m
                [38;5;16m▀[48;5;16m█[38;5;239m▄[48;5;239;38;5;16m▄[48;5;245m▄▄▄▄▄[48;5;239m▄▄[38;5;239m█[48;5;16m▄[48;5;245;38;5;16m▄▄[48;5;239;38;5;239m█[38;5;16m▄[48;5;16;38;5;245m▄[48;5;239m▄[38;5;239m█[48;5;16;38;5;16m█[38;5;245m▄[48;5;245m█[38;5;239m▄[48;5;239m█[48;5;16m▄[49;38;5;16m▄[39m[00m
                  [38;5;16m▀▀[48;5;239m▄[48;5;245m▄[48;5;231m▄[48;5;245;38;5;239m▄▄[48;5;239m██[48;5;16m▄▄[48;5;239;38;5;16m▄[49m▀▀[48;5;16m█[48;5;245m▄▄[48;5;16;38;5;239m▄[48;5;239;38;5;16m▄[48;5;16;38;5;239m▄▄[48;5;239;38;5;16m▄[38;5;239m██[48;5;16;38;5;16m█[49;39m[00m
                       [38;5;16m▀▀▀▀▀▀[38;5;239m▄[38;5;16m▄[48;5;16;38;5;239m▄▄[48;5;239m██[48;5;16;38;5;16m█[48;5;245;38;5;245m██[48;5;239;38;5;16m▄[48;5;16;38;5;239m▄▄[48;5;239;38;5;16m▄[49m▀[39m[00m
                            [48;5;239;38;5;16m▄[48;5;231;38;5;245m▄[48;5;245m██[48;5;239;38;5;16m▄▄[38;5;239m██[48;5;16m▄▄[38;5;16m█[48;5;239;38;5;245m▄▄[48;5;16;38;5;239m▄[49;39m [00m
                             [38;5;16m▀▀▀[39m  [38;5;16m▀▀▀▀[39m [38;5;16m▀▀[39m  [00m
                                           [00m
