            [48;5;16;38;5;16m█[48;5;231;38;5;61m▄[48;5;16;38;5;16m█[49;39m      [38;5;16m▄[48;5;54;38;5;231m▄[48;5;231;38;5;61m▄[48;5;61;38;5;54m▄[48;5;54m█[48;5;16;38;5;16m█[49;39m                        [00m
            [48;5;16;38;5;16m█[48;5;54;38;5;54m█[48;5;61m▄[48;5;16;38;5;61m▄[49;38;5;16m▄[39m [38;5;16m▄▄[48;5;16;38;5;61m▄[48;5;61;38;5;54m▄▄[48;5;54m██[48;5;16;38;5;16m█[49;39m                         [00m
             [48;5;16;38;5;16m█[48;5;54;38;5;54m███[48;5;16;38;5;231m▄[48;5;54;38;5;54m███████[48;5;16;38;5;16m█[49;39m                         [00m
            [48;5;16;38;5;16m█[48;5;61;38;5;61m█[48;5;54;38;5;54m█[38;5;16m▄▄[48;5;231;38;5;61m▄[48;5;54;38;5;54m██[38;5;16m▄▄▄▄[38;5;54m██[48;5;16;38;5;16m█[49;39m                        [00m
             [38;5;16m▀▀[39m  [48;5;16;38;5;16m█[48;5;61;38;5;61m█[48;5;54;38;5;54m█[48;5;16m▄[49;38;5;16m▄[39m  [38;5;16m▀▀[39m   [38;5;54m▄[48;5;54;38;5;231m▄[48;5;16;38;5;61m▄[49;38;5;16m▄[39m         [38;5;54m▄[38;5;16m▄[39m       [00m
            [38;5;54m▄▄[39m   [48;5;16;38;5;16m█[48;5;61;38;5;61m█[48;5;54m▄[38;5;54m█[48;5;16m▄[49;38;5;16m▄[39m [38;5;54m▄▄[38;5;16m▄▄▄[48;5;54;38;5;231m▄[38;5;54m█[38;5;16m▄[49m▀[39m     [38;5;54m▄[48;5;54;38;5;231m▄▄[48;5;16;38;5;16m█[48;5;231;38;5;231m██[48;5;16;38;5;16m█[49m▄[39m     [00m
           [48;5;54;38;5;16m▄[48;5;231;38;5;61m▄[48;5;61m█[48;5;16;38;5;16m█[49;39m   [48;5;16;38;5;16m█[48;5;61;38;5;61m█[48;5;54;38;5;54m██[48;5;16m▄[48;5;54;38;5;16m▄[48;5;231;38;5;61m▄▄[48;5;61;38;5;54m▄[48;5;54m█[38;5;16m▄[48;5;16;38;5;61m▄[48;5;61;38;5;16m▄[48;5;16;38;5;54m▄▄[49;38;5;16m▄[39m   [48;5;54;38;5;16m▄[48;5;231;38;5;61m▄[38;5;16m▄▄[48;5;16;38;5;54m▄▄[48;5;61;38;5;16m▄[48;5;16;38;5;54m▄[48;5;54m█[48;5;16;38;5;16m█[49;39m    [00m
       [38;5;54m▄[38;5;16m▄[39m  [38;5;16m▀▀▀[48;5;61m▄[48;5;16;38;5;61m▄[49;38;5;16m▄▄[48;5;16m█[48;5;61;38;5;61m█[48;5;54m▄[38;5;54m██[48;5;16m▄[48;5;54;38;5;16m▄[38;5;54m███[48;5;16;38;5;61m▄[48;5;61;38;5;54m▄[48;5;16;38;5;16m█[48;5;54;38;5;54m███[48;5;16m▄[49;38;5;16m▄[39m  [38;5;16m▀▀[48;5;54m▄▄▄[38;5;54m██[48;5;16;38;5;16m█[48;5;54;38;5;54m█[48;5;16m▄[38;5;61m▄[48;5;54;38;5;231m▄[49;38;5;16m▄[39m[00m
     [38;5;16m▄[48;5;16;38;5;231m▄[48;5;231m█[38;5;16m▄[49m▀[39m     [38;5;16m▀[48;5;61m▄[48;5;54;38;5;61m▄[38;5;54m█[48;5;16;38;5;16m█[48;5;61;38;5;61m█[48;5;54m▄[38;5;54m██████[38;5;16m▄[48;5;16m█[48;5;54;38;5;54m█████[48;5;16m▄[49;38;5;16m▄[39m    [48;5;16;38;5;16m█[48;5;54;38;5;61m▄[48;5;16m▄[38;5;54m▄[48;5;54m███[38;5;16m▄[49m▀[39m [00m
   [38;5;54m▄[48;5;16;38;5;231m▄[48;5;54m▄[38;5;54m█[48;5;231m▄[48;5;54m█[48;5;16;38;5;16m█[49;39m     [38;5;16m▄[48;5;16;38;5;54m▄[48;5;54m█[38;5;231m▄[48;5;16;38;5;54m▄[48;5;61;38;5;16m▄[38;5;54m▄[48;5;54m█████[48;5;16;38;5;231m▄[48;5;231;38;5;16m▄▄[38;5;231m█[48;5;54;38;5;54m█████[48;5;16m▄[49;38;5;16m▄[39m    [38;5;16m▀[48;5;61m▄[38;5;61m█[48;5;54m▄[38;5;54m██[48;5;61m▄[48;5;54;38;5;16m▄[49;39m [00m
   [48;5;16;38;5;16m█[48;5;231m▄[38;5;231m█[38;5;54m▄[48;5;54m█[48;5;16;38;5;16m█[48;5;54;38;5;54m█[48;5;16;38;5;61m▄[48;5;54;38;5;231m▄[49;38;5;16m▄[39m  [48;5;16;38;5;16m█[48;5;54;38;5;54m█[48;5;231;38;5;231m█[48;5;16;38;5;16m█[48;5;231;38;5;231m█[48;5;16;38;5;54m▄[48;5;54;38;5;16m▄[38;5;54m█████[48;5;231;38;5;231m█[48;5;16m▄▄[48;5;231;38;5;16m▄[48;5;54;38;5;54m██████[48;5;16;38;5;16m█[49m▄▄▄[39m   [48;5;16;38;5;16m█[48;5;61;38;5;61m██[48;5;54;38;5;54m██[48;5;16m▄[49;38;5;16m▄[39m[00m
   [48;5;16;38;5;16m█[48;5;61;38;5;61m█[48;5;16;38;5;231m▄[38;5;61m▄[38;5;54m▄[48;5;54m█[38;5;16m▄[38;5;54m█[38;5;16m▄[49m▀[39m  [48;5;16;38;5;54m▄[48;5;61;38;5;61m█[48;5;54m▄[48;5;231;38;5;54m▄[38;5;16m▄[48;5;54;38;5;61m▄▄[38;5;54m█████[48;5;16;38;5;16m█[38;5;54m▄[48;5;54m██████[38;5;16m▄[48;5;16;38;5;54m▄[48;5;54;38;5;61m▄▄▄[48;5;16;38;5;54m▄▄▄[49;38;5;16m▄▄[48;5;16m█[48;5;61m▄[38;5;61m█[48;5;54;38;5;54m█[38;5;16m▄[49m▀[39m[00m
   [48;5;16;38;5;16m█[48;5;61;38;5;231m▄[48;5;231;38;5;61m▄[48;5;61;38;5;54m▄[48;5;54m██[48;5;16;38;5;16m█[49m▀[39m   [38;5;54m▄[48;5;16m▄[48;5;61;38;5;16m▄[38;5;61m██[48;5;54m▄[48;5;61;38;5;54m▄[38;5;16m▄[48;5;54m▄▄[48;5;16;38;5;54m▄▄▄[48;5;54m████████[48;5;16;38;5;16m█[48;5;61;38;5;61m█[48;5;231;38;5;231m██[48;5;61;38;5;61m████[38;5;54m▄[48;5;16;38;5;16m█[48;5;54;38;5;54m██[48;5;16m▄▄[38;5;16m█[49;39m [00m
   [48;5;16;38;5;54m▄[48;5;231;38;5;61m▄[48;5;61m█[48;5;54;38;5;54m███[48;5;16;38;5;16m█[49;39m [38;5;16m▄[48;5;54;38;5;61m▄[48;5;16m▄[48;5;61m█[38;5;54m▄[48;5;16m▄[48;5;61;38;5;16m▄[38;5;61m███████[48;5;54m▄[38;5;54m█████[38;5;16m▄▄▄[48;5;16;38;5;54m▄[38;5;16m█[48;5;54;38;5;54m█[48;5;61m▄▄▄[48;5;54m███[38;5;16m▄▄[49m▀▀▀▀[39m  [00m
    [48;5;16;38;5;16m█[48;5;61;38;5;54m▄[48;5;54m██[38;5;16m▄[48;5;16;38;5;54m▄▄[48;5;54;38;5;16m▄[38;5;54m████[48;5;16;38;5;16m█[48;5;61;38;5;61m█[48;5;16m▄[38;5;16m█[48;5;61m▄▄▄▄[48;5;54;38;5;61m▄[48;5;16m▄▄▄▄[38;5;54m▄[38;5;16m█[48;5;54;38;5;54m█████[48;5;16m▄[48;5;54;38;5;16m▄▄▄▄[49m▀▀[39m        [00m
     [38;5;16m▀[48;5;16m██[48;5;54m▄▄▄[49m▀▀▀▀[48;5;54m▄[48;5;16m█[48;5;61m▄[38;5;61m█[48;5;16;38;5;54m▄[48;5;61;38;5;61m██████████[48;5;16;38;5;54m▄[48;5;54;38;5;16m▄[38;5;61m▄[38;5;54m█[38;5;61m▄[38;5;54m████[48;5;16m▄[49;38;5;16m▄[39m          [00m
                 [48;5;16;38;5;16m█[48;5;61;38;5;61m██[48;5;54;38;5;16m▄[48;5;61;38;5;61m██████████[48;5;16;38;5;16m█[48;5;54;38;5;61m▄[48;5;61;38;5;54m▄[48;5;54;38;5;61m▄[38;5;16m▄[48;5;16;38;5;61m▄▄▄[48;5;54;38;5;16m▄[48;5;16m█[49;39m          [00m
            [38;5;16m▄[48;5;16;38;5;61m▄[49;38;5;16m▄▄[48;5;16;38;5;61m▄[48;5;61m█[48;5;16;38;5;16m█[48;5;54;38;5;54m█[48;5;16m▄[48;5;61;38;5;16m▄[38;5;61m██████████[48;5;16;38;5;16m█[48;5;61;38;5;54m▄[48;5;16;38;5;16m█[48;5;61;38;5;231m▄[48;5;231m█[48;5;61m▄[38;5;61m██[48;5;16;38;5;54m▄▄[38;5;61m▄▄[49;38;5;16m▄[39m      [00m
            [48;5;16;38;5;16m█[48;5;54;38;5;54m█[38;5;16m▄[48;5;61;38;5;231m▄▄[38;5;61m██[48;5;16;38;5;16m█[48;5;54;38;5;54m█[48;5;16m▄[48;5;61;38;5;16m▄[38;5;61m█████████[48;5;16m▄[38;5;16m█[48;5;54;38;5;54m█[48;5;231;38;5;61m▄[38;5;231m██[48;5;61;38;5;61m███[48;5;54;38;5;54m██[38;5;16m▄[49m▀[39m      [00m
             [48;5;16;38;5;16m█[48;5;61;38;5;54m▄[48;5;231;38;5;61m▄▄[48;5;61;38;5;54m▄[48;5;54m██[48;5;16m▄[48;5;54;38;5;16m▄[48;5;16;38;5;54m▄[38;5;16m█[48;5;54;38;5;61m▄[48;5;61;38;5;54m▄[38;5;16m▄▄▄▄▄[48;5;54;38;5;61m▄[48;5;16m▄[38;5;16m██[48;5;54;38;5;54m█[48;5;61m▄[38;5;61m█[48;5;231m▄[48;5;61;38;5;231m▄[38;5;54m▄[48;5;54m█[48;5;16m▄[38;5;16m█[49;39m       [00m
              [38;5;16m▀[48;5;54m▄▄[48;5;16;38;5;54m▄▄[48;5;54;38;5;16m▄▄▄[48;5;16;38;5;54m▄▄[38;5;16m█[48;5;61m▄▄[38;5;54m▄▄▄▄[48;5;54m███[38;5;16m▄[48;5;16m█[48;5;54m▄[38;5;54m████[38;5;16m▄▄[49m▀[39m       [00m
            [38;5;54m▄[48;5;16;38;5;231m▄▄[48;5;54;38;5;61m▄[38;5;54m█[48;5;16m▄▄[48;5;54;38;5;16m▄[48;5;16m█[48;5;61m▄[49m▀[39m    [38;5;16m▀▀▀▀▀▀▀[39m   [38;5;16m▀[48;5;54m▄[48;5;16;38;5;54m▄▄[48;5;54m█[38;5;16m▄[48;5;16;38;5;231m▄[38;5;61m▄[49;38;5;16m▄[39m     [00m
           [38;5;16m▀[48;5;231m▄▄[48;5;61m▄[49m▀▀▀▀[39m                    [38;5;16m▀▀[48;5;231m▄▄▄[48;5;61m▄▄[48;5;16m█[49;39m    [00m
                                                   [00m
