        [38;5;16m▄[48;5;90;38;5;170m▄[48;5;16;38;5;90m▄[48;5;170m▄▄[48;5;16m▄[49;38;5;16m▄[48;5;90;38;5;90m█[48;5;16m▄▄[48;5;170;38;5;170m█[38;5;90m▄[48;5;90;38;5;16m▄[48;5;16;38;5;231m▄[48;5;90m▄[49;38;5;90m▄[38;5;16m▄▄▄[39m      [00m
        [48;5;16;38;5;16m█[48;5;90m▄[48;5;16;38;5;90m▄▄[48;5;90m████████[48;5;16m▄[38;5;231m▄[48;5;231;38;5;90m▄[48;5;90m█[48;5;16m▄[48;5;90m██[48;5;16;38;5;16m█[49;39m     [00m
       [38;5;16m▄[48;5;16;38;5;90m▄[48;5;90;38;5;170m▄[48;5;170;38;5;90m▄[48;5;90;38;5;170m▄[38;5;90m██[38;5;16m▄▄▄▄[38;5;90m█████[38;5;16m▄[48;5;16m█[38;5;90m▄[38;5;16m█[48;5;231;38;5;231m█[48;5;90;38;5;16m▄[49;39m    [00m
      [48;5;16;38;5;16m█[48;5;90;38;5;170m▄[48;5;170;38;5;90m▄[48;5;90;38;5;170m▄[48;5;170;38;5;90m▄[48;5;90m█[48;5;16;38;5;231m▄▄[48;5;231m██[38;5;16m▄[48;5;90;38;5;90m████[38;5;16m▄[48;5;16;38;5;90m▄[48;5;90;38;5;170m▄[48;5;170m█[38;5;16m▄▄[48;5;16;38;5;90m▄[48;5;90m█[48;5;16;38;5;16m█[49;39m   [00m
     [48;5;90;38;5;16m▄[48;5;170m▄[38;5;170m████[48;5;16;38;5;16m█[48;5;231;38;5;231m█[48;5;16m▄[48;5;231m█[48;5;16;38;5;90m▄[48;5;90m███[38;5;16m▄[48;5;16;38;5;231m▄[48;5;90;38;5;16m▄[48;5;170;38;5;170m█[38;5;16m▄[48;5;16;38;5;90m▄[48;5;90m█[38;5;170m▄[38;5;231m▄▄[38;5;90m█[48;5;16;38;5;16m█[49;39m  [00m
   [38;5;90m▄[48;5;16;38;5;170m▄[48;5;170m██████[48;5;90;38;5;90m█[48;5;16m▄[48;5;231m▄[48;5;90m███[38;5;16m▄▄[48;5;16;38;5;90m▄[48;5;231;38;5;16m▄[48;5;16m█[38;5;90m▄[48;5;90m█[38;5;231m▄[48;5;231m█[38;5;170m▄[48;5;170;38;5;90m▄[48;5;90m█[48;5;231;38;5;231m█[48;5;90;38;5;90m█[38;5;16m▄[49;39m [00m
   [48;5;16;38;5;16m█[48;5;170;38;5;90m▄[48;5;90m██[48;5;170m▄[38;5;170m███[48;5;90;38;5;90m█[38;5;170m▄[38;5;90m██████████[48;5;170;38;5;231m▄[48;5;231m█[48;5;170;38;5;90m▄[48;5;90m█[38;5;170m▄[48;5;170;38;5;231m▄[48;5;231;38;5;170m▄[48;5;90;38;5;231m▄[48;5;16;38;5;16m█[49;39m [00m
    [48;5;16;38;5;16m█[38;5;90m▄[48;5;90;38;5;16m▄[38;5;170m▄[48;5;170m██[48;5;90m▄[48;5;170;38;5;90m▄[48;5;90;38;5;170m▄[48;5;170;38;5;90m▄[48;5;90m█████████[48;5;170m▄[48;5;231;38;5;170m▄[38;5;231m██[38;5;170m▄[38;5;90m▄[48;5;90m█[48;5;231;38;5;231m█[48;5;16;38;5;16m█[49;39m [00m
    [48;5;90;38;5;16m▄[48;5;170;38;5;90m▄[48;5;90;38;5;170m▄[48;5;170;38;5;90m▄[48;5;90;38;5;170m▄[48;5;170m█[38;5;16m▄[38;5;90m▄[48;5;90;38;5;170m▄[48;5;170;38;5;90m▄[48;5;90m████████[38;5;231m▄▄[38;5;170m▄▄[38;5;231m▄▄▄[48;5;231m█[48;5;170;38;5;170m█[48;5;90;38;5;90m█[38;5;16m▄[49;39m[00m
    [38;5;16m▀[48;5;170m▄[48;5;90;38;5;170m▄[48;5;170;38;5;90m▄[48;5;90;38;5;170m▄[48;5;16;38;5;16m█[48;5;170;38;5;170m██[48;5;90;38;5;90m████[38;5;170m▄[38;5;90m████[48;5;170m▄[48;5;231;38;5;231m██[38;5;170m▄[38;5;90m▄▄[38;5;231m██[38;5;90m▄[48;5;16;38;5;16m█[48;5;90;38;5;90m█[48;5;16m▄[49;39m[00m
     [38;5;16m▀[48;5;170m▄[38;5;170m███[48;5;16m▄[48;5;90;38;5;16m▄▄[48;5;16;38;5;90m▄[48;5;90;38;5;170m▄[48;5;170;38;5;90m▄[48;5;90;38;5;170m▄[38;5;90m█████████[38;5;231m▄[48;5;231m█[48;5;90;38;5;90m█[48;5;16;38;5;16m█[48;5;90m▄[49m▀[39m [00m
      [48;5;16;38;5;16m█[38;5;90m▄[48;5;170;38;5;170m████[48;5;90m▄[48;5;170;38;5;90m▄[48;5;90;38;5;170m▄[48;5;170;38;5;90m▄[48;5;90;38;5;170m▄[48;5;170;38;5;90m▄[48;5;90;38;5;170m▄[38;5;90m█[38;5;170m▄[48;5;170;38;5;90m▄[48;5;90;38;5;170m▄[48;5;170;38;5;90m▄[48;5;90m█[48;5;231m▄▄[48;5;90m█[48;5;16;38;5;16m█[49;39m    [00m
       [38;5;16m▀[48;5;90m▄[48;5;16m█[48;5;170m▄[38;5;170m█[48;5;90m▄[48;5;170;38;5;90m▄[48;5;90;38;5;170m▄[48;5;170;38;5;90m▄[48;5;90m███[48;5;170m▄[48;5;90;38;5;170m▄[48;5;170;38;5;90m▄[48;5;90m█[48;5;170m▄[48;5;90m█[38;5;16m▄▄[49m▀[39m     [00m
           [38;5;16m▀[48;5;170m▄▄[48;5;90m▄[49;38;5;90m▀[38;5;16m▀▀[48;5;90m▄[48;5;16;38;5;90m▄▄[48;5;90m█[38;5;16m▄[49m▀▀[39m        [00m
                   [38;5;16m▀▀▀[39m           [00m
                                 [00m
