          [38;5;16m▄[48;5;16;38;5;231m▄[48;5;68m▄[48;5;231;38;5;68m▄▄[48;5;68m█[48;5;16m▄[49;38;5;16m▄[39m    [38;5;16m▄[48;5;68m▄[48;5;16;38;5;231m▄[48;5;68m▄[48;5;231m███[48;5;16;38;5;68m▄▄[49;38;5;16m▄[39m                       [00m
      [38;5;68m▄[48;5;68;38;5;231m▄▄[48;5;16;38;5;68m▄▄[48;5;231;38;5;16m▄[48;5;68m▄▄▄▄[38;5;68m█[48;5;16m▄▄▄▄[38;5;16m█[48;5;68;38;5;68m███[48;5;231m▄[38;5;16m▄[48;5;68m▄[38;5;68m███[48;5;16m▄[49;38;5;16m▄[39m                      [00m
       [38;5;16m▀[48;5;231m▄[38;5;231m█[48;5;68;38;5;68m███[48;5;16m▄▄[48;5;68m█████[48;5;16m▄[48;5;68m███[38;5;16m▄[48;5;16;38;5;68m▄[48;5;231;38;5;231m██[48;5;16;38;5;68m▄[48;5;68m███[48;5;16;38;5;16m█[49;39m                      [00m
         [48;5;16;38;5;16m█[48;5;231m▄[48;5;68;38;5;68m██████[38;5;16m▄[38;5;68m██████[48;5;16;38;5;16m█[48;5;68;38;5;68m██████[48;5;16;38;5;16m█[49;39m                       [00m
        [38;5;68m▄[48;5;16m▄[48;5;68;38;5;231m▄[48;5;16;38;5;16m█[48;5;68;38;5;68m████[48;5;16;38;5;16m█[48;5;68;38;5;68m█[38;5;16m▄▄[48;5;16;38;5;231m▄▄[48;5;68;38;5;16m▄[38;5;68m██[48;5;16m▄[48;5;68;38;5;16m▄▄▄▄[49m▀[39m                        [00m
        [48;5;68;38;5;68m█[48;5;231;38;5;231m██[48;5;68m▄[48;5;231;38;5;68m▄[48;5;68m████[48;5;16;38;5;16m██[48;5;231m▄[48;5;16m█[48;5;231m▄[38;5;68m▄[48;5;68m████[48;5;16;38;5;16m█[49;39m                           [00m
       [48;5;68;38;5;68m█[48;5;231;38;5;231m███[48;5;68m▄[48;5;231;38;5;68m▄[48;5;68m████[48;5;16m▄▄▄▄[48;5;68m██████[48;5;16;38;5;16m█[49;39m                           [00m
       [48;5;16;38;5;16m█[48;5;231;38;5;231m██[38;5;68m▄[48;5;68m█████████[38;5;16m▄▄▄[48;5;16;38;5;216m▄[48;5;68;38;5;68m██[38;5;16m▄[49;38;5;68m▀[39m                           [00m
        [48;5;16;38;5;16m█[48;5;68;38;5;68m███[48;5;16m▄[48;5;68m███[38;5;16m▄[48;5;16;38;5;216m▄▄[48;5;216m██[38;5;16m▄[38;5;68m▄[48;5;68m███[48;5;16m▄[49;39m                            [00m
         [38;5;16m▀[48;5;68m▄▄▄▄[48;5;16;38;5;216m▄▄[48;5;216;38;5;16m▄▄▄[48;5;16;38;5;216m▄▄[48;5;216m█[48;5;68;38;5;68m███[48;5;16;38;5;16m█[49;39m                             [00m
              [38;5;16m▀[48;5;16m█[48;5;216;38;5;216m██████[48;5;68;38;5;68m███[48;5;16;38;5;16m█[49;39m   [38;5;68m▄[48;5;68;38;5;231m▄[48;5;16m▄[49;38;5;16m▄[39m                      [00m
               [48;5;16;38;5;16m█[48;5;216;38;5;231m▄[38;5;216m█████[48;5;68;38;5;68m███[48;5;16;38;5;16m█[49m▄[38;5;68m▄[48;5;16;38;5;231m▄[48;5;231m██[38;5;216m▄[48;5;16;38;5;16m█[49;39m                      [00m
              [48;5;16;38;5;16m█[48;5;231;38;5;231m████[48;5;216;38;5;216m██[38;5;68m▄[48;5;68m███[48;5;16;38;5;16m█[48;5;231;38;5;231m████[38;5;216m▄[48;5;216m█[48;5;16m▄[49;38;5;16m▄[39m                     [00m
              [48;5;16;38;5;68m▄[48;5;231;38;5;231m█████[48;5;216;38;5;216m█[48;5;68;38;5;68m████[48;5;16;38;5;16m█[48;5;231m▄[38;5;68m▄[38;5;231m██[48;5;216;38;5;216m███[48;5;16;38;5;68m▄[38;5;216m▄[48;5;68;38;5;231m▄[49;38;5;16m▄▄[39m                 [00m
             [48;5;16;38;5;16m█[48;5;231;38;5;231m██████[48;5;68m▄[38;5;68m█████[48;5;16;38;5;16m█[48;5;231;38;5;231m█[48;5;16m▄[48;5;68m▄[48;5;231;38;5;68m▄[48;5;216;38;5;231m▄▄▄[48;5;68m▄[48;5;231m███[48;5;16m▄[49;38;5;16m▄[48;5;68;38;5;231m▄[48;5;16m▄[49;38;5;16m▄[39m            [00m
            [48;5;68;38;5;16m▄[48;5;231;38;5;231m██████[38;5;216m▄[48;5;68;38;5;231m▄[48;5;231;38;5;68m▄[48;5;68m█████[48;5;16;38;5;16m█[48;5;231m▄[38;5;231m██[48;5;68m▄[48;5;231m███████[48;5;16m▄[48;5;216;38;5;16m▄[38;5;216m█[48;5;16;38;5;16m█[49;39m [38;5;68m▄[38;5;16m▄[39m         [00m
           [48;5;68;38;5;16m▄[48;5;231;38;5;231m███████[38;5;68m▄[48;5;68;38;5;231m▄[48;5;231;38;5;68m▄[48;5;16;38;5;16m██[48;5;68m▄[38;5;68m███[48;5;16m▄▄[48;5;231;38;5;16m▄[38;5;231m████████[38;5;216m▄[48;5;216;38;5;231m▄[48;5;16;38;5;216m▄[38;5;231m▄▄[48;5;231;38;5;216m▄[48;5;216m█[48;5;16;38;5;16m█[49;39m        [00m
          [38;5;68m▄[48;5;16;38;5;231m▄[48;5;231;38;5;216m▄[38;5;231m█████[38;5;216m▄[38;5;68m▄[48;5;68;38;5;231m▄[48;5;231;38;5;68m▄[48;5;68m█[48;5;16m▄▄[48;5;68m██████[48;5;16m▄[48;5;231;38;5;16m▄[38;5;231m█[48;5;68;38;5;16m▄[48;5;231;38;5;231m██[38;5;216m▄[38;5;231m█[38;5;216m▄[48;5;216;38;5;231m▄[48;5;231;38;5;216m▄▄[48;5;216m██[48;5;16;38;5;16m█[49;39m         [00m
          [48;5;68;38;5;16m▄[48;5;216;38;5;231m▄[48;5;231;38;5;216m▄[48;5;216;38;5;231m▄[48;5;231;38;5;216m▄[48;5;216;38;5;231m▄[48;5;231;38;5;216m▄[48;5;216;38;5;231m▄[38;5;216m█[48;5;231;38;5;68m▄[48;5;68m██████[38;5;16m▄[48;5;16m██[48;5;68m▄[38;5;68m██[48;5;16m▄[48;5;231;38;5;16m▄[38;5;216m▄[48;5;68;38;5;16m▄[48;5;216;38;5;231m▄[48;5;231;38;5;216m▄[48;5;216;38;5;231m▄[48;5;231;38;5;216m▄[48;5;216;38;5;68m▄[48;5;231;38;5;16m▄[48;5;68;38;5;216m▄[48;5;16m▄[48;5;68m▄[48;5;16m▄[49;38;5;16m▄[39m        [00m
          [48;5;16;38;5;16m█[48;5;216;38;5;231m▄[48;5;231;38;5;216m▄[48;5;216;38;5;231m▄[48;5;231;38;5;216m▄[48;5;216;38;5;231m▄[48;5;231;38;5;216m▄[48;5;216;38;5;231m▄[38;5;216m██[48;5;68;38;5;68m███████[48;5;16m▄[38;5;16m██[38;5;68m▄[48;5;68m██[48;5;16;38;5;16m█[48;5;231;38;5;216m▄▄[48;5;16;38;5;231m▄[38;5;216m▄[38;5;231m▄[38;5;216m▄[48;5;216;38;5;231m▄[48;5;231;38;5;216m▄[48;5;216;38;5;16m▄▄▄[38;5;216m█[48;5;16;38;5;16m█[49;39m        [00m
          [38;5;16m▀[48;5;216m▄[48;5;231;38;5;216m▄[48;5;216;38;5;231m▄[48;5;231;38;5;216m▄[48;5;216;38;5;231m▄[48;5;231;38;5;216m▄[48;5;216m████[48;5;68;38;5;68m█████████████[48;5;16;38;5;16m█[48;5;231;38;5;216m▄[48;5;216;38;5;231m▄[48;5;231;38;5;216m▄[48;5;216;38;5;231m▄[48;5;231;38;5;16m▄[48;5;16;38;5;68m▄▄[48;5;68m█[48;5;16m▄[48;5;68;38;5;16m▄[48;5;16m█[49;39m         [00m
          [38;5;16m▄[48;5;16m█[48;5;216m▄[38;5;216m█████████[48;5;68m▄[38;5;68m███████[38;5;16m▄[38;5;68m████[48;5;16m▄▄▄▄[48;5;68m██[48;5;16m▄[38;5;16m█[48;5;68m▄[38;5;68m█[48;5;16m▄[38;5;16m█[49;39m        [00m
      [38;5;16m▄▄[48;5;16;38;5;231m▄[38;5;68m▄[48;5;68;38;5;231m▄[48;5;231;38;5;68m▄[48;5;68;38;5;231m▄[48;5;16;38;5;68m▄[48;5;216;38;5;16m▄[38;5;216m██████████[48;5;68m▄▄[38;5;16m▄[48;5;16;38;5;68m▄▄[48;5;68;38;5;231m▄[48;5;231;38;5;68m▄[48;5;68;38;5;231m▄[48;5;231;38;5;68m▄[48;5;68;38;5;231m▄[48;5;231;38;5;68m▄[48;5;16;38;5;231m▄[38;5;68m▄[38;5;231m▄[48;5;68;38;5;16m▄▄[38;5;68m██████[48;5;16m▄▄[49;38;5;16m▄▄[39m    [00m
   [38;5;16m▄[48;5;16;38;5;68m▄▄[48;5;68m█[48;5;231m▄[48;5;68m█[48;5;231m▄[48;5;68m█[38;5;216m▄▄▄▄▄[48;5;216;38;5;68m▄[38;5;16m▄[38;5;216m████████[48;5;16;38;5;16m█[48;5;216;38;5;216m█[48;5;68m▄▄[38;5;68m█[48;5;231m▄[48;5;68m█[48;5;231m▄[48;5;68;38;5;231m▄[48;5;231;38;5;68m▄[48;5;68;38;5;231m▄[48;5;231;38;5;68m▄[48;5;68;38;5;231m▄[48;5;231;38;5;68m▄[48;5;68m█[48;5;16m▄▄[48;5;68;38;5;16m▄▄[38;5;68m██████[48;5;16m▄▄[49;38;5;16m▄[39m [00m
   [38;5;16m▀[48;5;68m▄▄[38;5;216m▄▄[48;5;216m██████[38;5;16m▄▄▄▄[49;38;5;68m▀[38;5;16m▀▀[48;5;216;38;5;68m▄[38;5;16m▄▄▄▄[38;5;216m█[48;5;16m▄[48;5;216;38;5;16m▄▄[38;5;216m██[48;5;68m▄▄▄▄[38;5;68m█████████[48;5;16m▄[48;5;68;38;5;16m▄[38;5;68m███[38;5;216m▄▄▄[48;5;216m█[48;5;16;38;5;16m█[49;39m[00m
      [38;5;16m▀▀▀▀▀▀▀▀[39m            [38;5;16m▀▀▀▀▀▀[48;5;216m▄▄▄▄[38;5;216m█████[48;5;68m▄▄▄▄▄[38;5;16m▄[48;5;16m█[48;5;216m▄▄[49m▀▀▀▀[39m [00m
                                    [38;5;16m▀▀▀▀▀▀▀▀▀▀[39m         [00m
                                                       [00m
