                       [48;5;16;38;5;16m█[48;5;77;38;5;77m██[48;5;16;38;5;231m▄[49;38;5;168m▄[39m            [00m
                       [48;5;16;38;5;16m█[48;5;77;38;5;77m██[48;5;231m▄[48;5;16;38;5;231m▄[49;38;5;168m▄[39m           [00m
                       [48;5;16;38;5;16m█[48;5;77;38;5;77m███[48;5;231m▄[48;5;16m▄[49;38;5;168m▄[39m          [00m
                       [48;5;16;38;5;16m█[48;5;77;38;5;168m▄[48;5;168;38;5;77m▄[48;5;77;38;5;168m▄[38;5;77m██[48;5;16m▄[49;38;5;16m▄[39m         [00m
                    [38;5;16m▄[48;5;16;38;5;77m▄▄[48;5;77m███████[38;5;231m▄[48;5;16m▄[48;5;168m▄[49;38;5;16m▄[38;5;168m▄[39m     [00m
                  [38;5;16m▄[48;5;16;38;5;77m▄[48;5;77m███[38;5;16m▄▄▄▄[38;5;77m██[48;5;168m▄[38;5;231m▄[48;5;231;38;5;168m▄[38;5;231m███[48;5;16m▄[49;38;5;16m▄[39m   [00m
                 [38;5;16m▄[48;5;16;38;5;77m▄[48;5;77m█████[48;5;16;38;5;16m█[48;5;168;38;5;168m█[38;5;231m▄[48;5;16;38;5;16m█[38;5;231m▄[48;5;77;38;5;168m▄[38;5;16m▄[38;5;77m█[48;5;168m▄[48;5;77m█[48;5;231m▄▄[48;5;77m█[48;5;16m▄[49;38;5;16m▄[39m [00m
                 [48;5;16;38;5;16m█[48;5;77;38;5;77m██████[48;5;16m▄[48;5;168;38;5;16m▄[48;5;16m█[48;5;168m▄[48;5;231;38;5;168m▄▄[48;5;168;38;5;77m▄[48;5;16m▄[48;5;77m██████[48;5;16m▄[49;38;5;16m▄[39m[00m
                [48;5;16;38;5;16m█[48;5;77;38;5;77m███████[48;5;168;38;5;16m▄[48;5;16m█[48;5;168;38;5;77m▄[48;5;77m████████[38;5;16m▄[48;5;168m▄[48;5;16m█[48;5;77m▄[49m▀[39m[00m
                [48;5;16;38;5;16m█[48;5;77;38;5;77m███████[48;5;16;38;5;168m▄[48;5;77;38;5;77m█████████[48;5;16m▄▄[48;5;77m█[38;5;16m▄[49m▀[39m [00m
       [38;5;16m▄[48;5;16;38;5;231m▄[38;5;77m▄[48;5;168;38;5;231m▄[49;38;5;16m▄▄[48;5;16;38;5;168m▄▄[49;38;5;16m▄[48;5;16;38;5;77m▄[48;5;77m█████████████████[38;5;16m▄[49m▀▀[39m   [00m
     [38;5;16m▄[48;5;16m█[48;5;231m▄[48;5;77;38;5;77m█[48;5;231m▄[48;5;77;38;5;231m▄[48;5;231;38;5;77m▄[48;5;168;38;5;231m▄[48;5;16;38;5;77m▄[48;5;168;38;5;168m█[48;5;16;38;5;16m█[48;5;77;38;5;77m██[38;5;16m▄[48;5;16;38;5;77m▄[48;5;168m▄[48;5;77m█████████[38;5;231m▄[48;5;231;38;5;77m▄[48;5;77;38;5;231m▄[48;5;168;38;5;168m█[38;5;77m▄[48;5;16m▄[49;38;5;16m▄[39m   [00m
   [38;5;16m▄[48;5;16;38;5;77m▄[48;5;77m███[48;5;16m▄[48;5;168m▄[48;5;77;38;5;16m▄[38;5;77m███[38;5;16m▄[48;5;16;38;5;77m▄[48;5;77;38;5;16m▄[48;5;16;38;5;77m▄[48;5;77m████████████[48;5;16;38;5;168m▄[48;5;231;38;5;16m▄[48;5;77;38;5;231m▄[48;5;231;38;5;77m▄[48;5;168;38;5;168m█[48;5;77;38;5;77m██[48;5;16;38;5;16m█[49;39m  [00m
   [38;5;16m▀[48;5;77m▄▄▄[38;5;77m███████[48;5;16;38;5;16m█[48;5;77;38;5;77m█[48;5;16;38;5;16m█[48;5;77;38;5;168m▄[38;5;77m██[38;5;16m▄▄[48;5;16;38;5;77m▄[48;5;77m█████[38;5;16m▄[48;5;16;38;5;168m▄[48;5;168m█[48;5;16m▄[48;5;77;38;5;16m▄[38;5;77m██[48;5;168;38;5;168m█[48;5;77;38;5;77m██[48;5;16;38;5;16m█[49;39m [00m
      [38;5;16m▄[48;5;16m█[38;5;168m▄[48;5;168;38;5;77m▄[48;5;77m████[48;5;16;38;5;16m█[48;5;77;38;5;77m██[48;5;16m▄▄▄[48;5;77m██[38;5;16m▄[48;5;16m█[48;5;77m▄[38;5;77m██[48;5;16;38;5;16m█[38;5;168m▄▄▄[38;5;16m██[48;5;77;38;5;77m█[38;5;168m▄[48;5;16;38;5;16m█[48;5;77m▄[49m▀[39m  [00m
   [38;5;16m▄[48;5;16;38;5;77m▄▄[48;5;77m████████[48;5;16;38;5;16m█[48;5;77;38;5;77m████[38;5;231m▄[48;5;231m██[48;5;168m▄[48;5;16;38;5;16m█[38;5;77m▄[48;5;77m██[48;5;16m▄[48;5;168;38;5;16m▄[38;5;168m█[38;5;16m▄[48;5;16;38;5;77m▄[48;5;77m██[48;5;16;38;5;168m▄[38;5;77m▄[49;38;5;16m▄[39m   [00m
   [38;5;16m▀[48;5;77m▄[38;5;77m██[38;5;16m▄▄[38;5;168m▄[48;5;16;38;5;77m▄[48;5;168m▄[48;5;77m██[48;5;16m▄[48;5;77;38;5;16m▄[38;5;77m████[48;5;231m▄▄[48;5;77m█[48;5;168;38;5;168m█[48;5;77;38;5;77m█████[48;5;16m▄[48;5;77m██[38;5;168m▄[48;5;168;38;5;77m▄[48;5;77m██[48;5;16;38;5;16m█[49;39m   [00m
     [38;5;16m▀▀[48;5;16m█[48;5;77m▄[38;5;77m███[38;5;16m▄▄[49m▀[48;5;16m█[48;5;77;38;5;168m▄▄[38;5;77m████[48;5;168;38;5;16m▄[48;5;77m▄▄▄▄▄[49m▀[48;5;16m█[48;5;168m▄[38;5;77m▄[48;5;77m██[38;5;168m▄[48;5;16;38;5;77m▄[49;38;5;16m▄[39m   [00m
         [38;5;16m▀▀▀[39m    [38;5;16m▀[48;5;77m▄[48;5;168m▄[48;5;77m▄▄[49m▀[39m         [38;5;16m▀▀▀▀▀[39m    [00m
                                        [00m
