              [38;5;16m▄[48;5;160m▄[48;5;16m██[38;5;160m▄[49m▀[39m  [38;5;160m▄[48;5;160;38;5;16m▄[48;5;16m███[49;38;5;160m▀[39m               [00m
             [48;5;16;38;5;16m███[49m▀[39m    [38;5;160m▄[48;5;16;38;5;16m███[49m▀[39m                 [00m
             [48;5;16;38;5;16m███[49;38;5;160m▄[39m    [48;5;160;38;5;16m▄[48;5;16m███[49;39m                  [00m
             [48;5;160;38;5;160m█[48;5;16;38;5;16m███[49;38;5;160m▄[39m   [48;5;16;38;5;16m████[49;39m                  [00m
              [48;5;16;38;5;16m███[38;5;179m▄▄▄[38;5;160m▄▄[38;5;16m███[49;39m                  [00m
             [38;5;16m▄[48;5;16m█[48;5;160;38;5;160m█[48;5;179;38;5;179m█[48;5;231;38;5;231m███[48;5;179;38;5;179m█[48;5;160;38;5;160m██[38;5;16m▄[48;5;16m███[49m▄▄▄[38;5;160m▄▄[39m           [00m
          [38;5;160m▄[48;5;160;38;5;231m▄[48;5;231;38;5;160m▄[38;5;16m▄[48;5;160;38;5;231m▄[48;5;16;38;5;16m█[48;5;160;38;5;160m█[48;5;179m▄▄[48;5;160m██[38;5;16m▄[48;5;16;38;5;160m▄[48;5;160;38;5;231m▄[48;5;231;38;5;16m▄▄▄[48;5;160;38;5;231m▄[48;5;16;38;5;160m▄[38;5;16m█[48;5;179m▄[48;5;231;38;5;231m█[48;5;160m▄▄[49;38;5;16m▄[38;5;160m▄[39m       [00m
          [48;5;16;38;5;16m█[48;5;231;38;5;231m█[48;5;16;38;5;16m█[48;5;231m▄[48;5;179;38;5;179m█[48;5;16;38;5;16m█[48;5;160;38;5;160m█████[48;5;16;38;5;16m█[48;5;231;38;5;231m█[48;5;16;38;5;16m█[48;5;231;38;5;231m██[48;5;16;38;5;16m██[48;5;231;38;5;231m█[48;5;16;38;5;16m█[38;5;160m▄[48;5;160;38;5;16m▄[48;5;179;38;5;160m▄▄[48;5;160;38;5;16m▄[48;5;16m██[49m▄[39m     [00m
      [38;5;160m▄[38;5;16m▄▄[39m [48;5;16;38;5;160m▄[48;5;231;38;5;16m▄[48;5;160;38;5;179m▄[48;5;16;38;5;160m▄[38;5;16m█[38;5;160m▄[48;5;160m█████[48;5;16;38;5;16m█[48;5;231;38;5;160m▄[48;5;16;38;5;231m▄[38;5;16m███[38;5;231m▄[48;5;231;38;5;160m▄[48;5;16;38;5;16m█[48;5;160;38;5;160m█[48;5;16;38;5;16m█[48;5;160;38;5;160m███[48;5;16;38;5;16m████[49;38;5;160m▄[39m   [00m
    [38;5;160m▄[48;5;160m█[48;5;231;38;5;231m███[48;5;160;38;5;160m█[48;5;16;38;5;16m█[48;5;160;38;5;160m█[48;5;16m▄▄[48;5;160m█[38;5;16m▄▄▄▄[38;5;160m███[48;5;16m▄[48;5;160;38;5;16m▄[48;5;179m▄▄▄[48;5;160m▄[48;5;16;38;5;160m▄[48;5;160m██[48;5;16;38;5;16m█[48;5;160;38;5;160m█[38;5;16m▄[48;5;16;38;5;160m▄[48;5;160;38;5;231m▄▄[38;5;179m▄[48;5;16;38;5;160m▄[38;5;16m█[49m▄[39m  [00m
    [48;5;16;38;5;16m█[38;5;231m▄[48;5;231;38;5;16m▄▄▄[48;5;16;38;5;231m▄[48;5;179;38;5;179m█[48;5;16;38;5;16m█[48;5;160m▄[38;5;160m█[48;5;16;38;5;179m▄[48;5;179;38;5;231m▄▄▄[38;5;179m█[48;5;16m▄▄▄[48;5;160;38;5;16m▄▄▄[38;5;160m████[38;5;16m▄[48;5;16;38;5;160m▄[48;5;160m█[38;5;16m▄[48;5;16;38;5;231m▄[48;5;160;38;5;16m▄[48;5;231;38;5;179m▄▄[48;5;179m█[48;5;16;38;5;16m█[48;5;231;38;5;231m█[48;5;16;38;5;16m█[49m▄[39m [00m
    [38;5;16m▀[48;5;179m▄[48;5;231;38;5;179m▄▄▄[48;5;179m█[38;5;16m▄[48;5;16m█[48;5;160;38;5;160m█[48;5;16m▄[38;5;16m█[48;5;231m▄▄[38;5;179m▄▄[48;5;179m█████[38;5;160m▄[48;5;16;38;5;16m█[38;5;179m▄▄▄[48;5;160;38;5;16m▄[38;5;160m██[48;5;16;38;5;16m█[48;5;231m▄[38;5;179m▄[48;5;16m▄▄▄[48;5;231m▄[48;5;179;38;5;160m▄[48;5;16;38;5;16m██[49;39m [00m
      [38;5;16m▀▀▀[48;5;16m█████[48;5;231;38;5;231m███[48;5;16m▄[38;5;179m▄[38;5;16m█[38;5;179m▄▄▄[48;5;160m▄[48;5;179m█████[38;5;16m▄[48;5;16m█████[48;5;179m▄▄▄[48;5;16;38;5;160m▄▄[48;5;160m██[48;5;16;38;5;16m█[49;39m[00m
     [38;5;160m▄▄▄[39m   [48;5;16;38;5;16m█[48;5;160m▄[48;5;231;38;5;231m█████[48;5;160;38;5;16m▄[48;5;231;38;5;179m▄[48;5;179;38;5;231m▄[48;5;231;38;5;179m▄[48;5;179;38;5;231m▄[48;5;231;38;5;179m▄[48;5;179;38;5;231m▄[38;5;179m████[48;5;160m▄[48;5;16m▄▄[38;5;16m█[48;5;160;38;5;160m███[38;5;16m▄[48;5;16;38;5;231m▄▄▄▄[48;5;160;38;5;16m▄[48;5;16m█[49;39m[00m
   [38;5;179m▄[48;5;160;38;5;160m█[48;5;231;38;5;231m███[48;5;160;38;5;16m▄[48;5;16;38;5;179m▄[49;38;5;16m▄[48;5;16m██[48;5;231m▄[38;5;231m████[48;5;16;38;5;16m█[48;5;231;38;5;179m▄[48;5;179;38;5;231m▄[48;5;231;38;5;179m▄[48;5;179;38;5;231m▄[38;5;179m████████[38;5;160m▄[38;5;16m▄[48;5;16m█[48;5;160m▄[48;5;16m█[48;5;231;38;5;231m██[38;5;16m▄[48;5;160;38;5;231m▄▄[48;5;231;38;5;160m▄[48;5;16;38;5;16m█[49;39m[00m
   [48;5;160;38;5;16m▄[38;5;231m▄[48;5;179;38;5;160m▄[38;5;16m▄▄[48;5;16;38;5;179m▄[48;5;179m█[48;5;16;38;5;16m███[38;5;179m▄[48;5;231;38;5;231m████[48;5;16;38;5;160m▄[48;5;231;38;5;179m▄[48;5;179;38;5;231m▄[48;5;231;38;5;179m▄[48;5;179m█████████[48;5;16m▄[38;5;16m████[48;5;231;38;5;160m▄[48;5;179;38;5;179m█[48;5;16m▄[48;5;231;38;5;16m▄▄[48;5;160;38;5;179m▄[48;5;16;38;5;16m█[49;39m[00m
   [38;5;16m▀[48;5;231m▄[38;5;179m▄▄[48;5;179m█[38;5;16m▄[48;5;16m█[48;5;160m▄[49;39m  [48;5;16;38;5;16m█[48;5;231;38;5;179m▄[38;5;231m████[48;5;16;38;5;16m█[48;5;179;38;5;179m█████████████[48;5;16;38;5;16m█[48;5;160;38;5;160m█[48;5;16m▄[38;5;16m█[48;5;160m▄[48;5;179m▄▄▄[48;5;16m█[49;39m [00m
     [38;5;16m▀▀▀[39m [38;5;160m▄▄[48;5;16;38;5;16m█[38;5;231m▄[49;38;5;16m▄[48;5;16m██[48;5;231m▄[38;5;179m▄▄[48;5;179m█[48;5;16;38;5;16m█[48;5;179;38;5;179m█████████[38;5;160m▄[38;5;16m▄[48;5;16m█[48;5;160m▄▄[48;5;16;38;5;160m▄[38;5;231m▄▄▄[38;5;16m██[49;39m  [00m
        [48;5;160;38;5;160m█[48;5;231;38;5;231m██[48;5;179;38;5;179m█[48;5;16;38;5;16m█[48;5;179;38;5;179m█[48;5;16;38;5;16m██[49m▀▀[48;5;179m▄▄[38;5;179m█[48;5;16m▄[48;5;179;38;5;16m▄[38;5;179m███████[48;5;16m▄[38;5;16m███[38;5;231m▄[48;5;231m█[48;5;160;38;5;16m▄[38;5;231m▄▄[48;5;231;38;5;160m▄[48;5;16;38;5;16m█[49;39m  [00m
        [48;5;16;38;5;16m█[48;5;160;38;5;231m▄▄[48;5;16;38;5;179m▄[48;5;179m██[48;5;16;38;5;16m█[49;39m     [38;5;160m▀[38;5;16m▀▀[48;5;16;38;5;160m▄[48;5;160;38;5;16m▄[48;5;179m▄▄▄[38;5;160m▄[48;5;16m▄▄[49m▀[38;5;16m▀[48;5;16m█[48;5;231;38;5;179m▄[48;5;179m█[48;5;16m▄[48;5;179;38;5;16m▄[48;5;231m▄[48;5;160m▄[49m▀[39m  [00m
        [38;5;160m▀[48;5;16m▄[48;5;179;38;5;16m▄▄▄[49m▀[39m                    [38;5;16m▀[48;5;179m▄▄▄[38;5;160m▄[49;38;5;16m▀[39m   [00m
                                           [00m
