                                   [48;5;125;38;5;16m▄[48;5;16;38;5;231m▄▄[38;5;16m█[49;39m           [48;5;125;38;5;16m▄[49;39m    [38;5;16m▀[48;5;231m▄[48;5;16m█[49;39m[00m
                                    [38;5;16m▀▀[39m   [38;5;125m▄[38;5;16m▄▄▄▄[38;5;125m▄[39m    [48;5;125;38;5;16m▄[49;39m     [48;5;16;38;5;16m█[49;39m[00m
                                   [38;5;125m▄[38;5;16m▄▄[48;5;125;38;5;231m▄[48;5;16m▄▄[48;5;231m███[38;5;113m▄▄▄[48;5;16m▄[48;5;125m▄[49;38;5;125m▄[38;5;16m▄[48;5;16;38;5;125m▄[49;39m     [48;5;16;38;5;125m▄[49;39m[00m
                     [38;5;16m▄[48;5;16;38;5;231m▄▄[49;38;5;16m▄[39m      [38;5;16m▄▄[48;5;16;38;5;231m▄▄[48;5;231m████[38;5;125m▄[38;5;16m▄[48;5;16;38;5;231m▄▄[48;5;113;38;5;16m▄[38;5;113m█[48;5;125m▄[48;5;113;38;5;16m▄[38;5;113m██[38;5;16m▄[48;5;16;38;5;125m▄[49;39m     [48;5;16;38;5;16m█[49;38;5;125m▀[39m[00m
                 [38;5;16m▄▄[48;5;16;38;5;231m▄▄[48;5;231;38;5;113m▄[48;5;113;38;5;125m▄▄[48;5;231m▄[48;5;16;38;5;113m▄[38;5;231m▄[49;38;5;16m▄[39m [38;5;16m▄[48;5;16;38;5;231m▄[48;5;231m███████[48;5;125;38;5;16m▄[48;5;16m█[48;5;231m▄[48;5;16m█[48;5;231m▄[38;5;231m█[48;5;16;38;5;16m█[48;5;113;38;5;113m█[48;5;16m▄[48;5;113m█[48;5;16m▄[48;5;113m██[48;5;125;38;5;16m▄[49;39m [38;5;16m▄▄▀[38;5;125m▀[39m [00m
               [38;5;16m▄[48;5;16;38;5;231m▄[48;5;231;38;5;113m▄[38;5;125m▄[48;5;113m▄[48;5;125m██████[48;5;113;38;5;16m▄[48;5;16;38;5;231m▄▄[48;5;231m█████[38;5;113m▄▄[48;5;113m██[48;5;16m▄[38;5;16m████[48;5;231;38;5;231m█[48;5;16;38;5;16m█[48;5;113;38;5;113m█████[48;5;16m▄[38;5;125m▄[49;38;5;16m▀[39m     [00m
              [38;5;16m▄[48;5;16;38;5;231m▄[48;5;113;38;5;125m▄[48;5;125m███████[38;5;16m▄[48;5;16;38;5;231m▄[48;5;231m█████[38;5;113m▄[48;5;113m███[38;5;16m▄[38;5;113m████[48;5;16m▄▄[48;5;125;38;5;16m▄[48;5;231;38;5;125m▄[48;5;125;38;5;113m▄[48;5;113m███████[48;5;16;38;5;16m█[49;39m     [00m
        [38;5;16m▄▄▄[48;5;16;38;5;231m▄▄[38;5;16m█[38;5;231m▄[48;5;113;38;5;125m▄[48;5;125m██████[38;5;16m▄[48;5;16;38;5;113m▄[48;5;231;38;5;231m█████[38;5;113m▄[48;5;113m█████[48;5;16m▄[48;5;113;38;5;16m▄▄▄▄[38;5;113m████████[48;5;16m▄[48;5;113m█[38;5;16m▄[38;5;113m█[48;5;16;38;5;16m█[49;39m     [00m
     [38;5;16m▄[48;5;16;38;5;231m▄[38;5;113m▄[48;5;231;38;5;125m▄▄[48;5;113m▄[48;5;125m██[48;5;16m▄[48;5;231;38;5;16m▄[48;5;113;38;5;231m▄[48;5;125;38;5;125m█████[48;5;16;38;5;16m█[48;5;113;38;5;231m▄[48;5;231m████[38;5;113m▄[48;5;113;38;5;231m▄[38;5;113m███████████[48;5;16m▄[48;5;113;38;5;16m▄▄▄[48;5;16;38;5;113m▄▄▄▄▄[48;5;113;38;5;16m▄[38;5;113m██[48;5;16;38;5;125m▄[49;39m     [00m
   [38;5;16m▄[48;5;16;38;5;231m▄[48;5;231;38;5;113m▄[48;5;113;38;5;125m▄[48;5;125m███████[48;5;16m▄[48;5;231;38;5;16m▄[48;5;113;38;5;231m▄[48;5;125;38;5;125m██[38;5;16m▄[48;5;16;38;5;113m▄[48;5;113;38;5;231m▄[48;5;231m████[48;5;113m▄[48;5;231;38;5;113m▄[48;5;113m█████████████████████[48;5;16m▄[48;5;113;38;5;125m▄[48;5;16;38;5;16m█[49;39m      [00m
   [38;5;16m▀[48;5;231m▄[48;5;113;38;5;231m▄[48;5;125;38;5;125m████[48;5;113m▄▄[48;5;125;38;5;113m▄▄[38;5;125m██[48;5;16m▄[48;5;113m▄[48;5;125;38;5;16m▄[48;5;16;38;5;113m▄[48;5;113m█[48;5;231m▄[38;5;231m███[38;5;113m▄[48;5;113;38;5;231m▄[48;5;231;38;5;113m▄[48;5;113m████[48;5;125m▄[38;5;16m▄[48;5;16;38;5;125m▄▄[48;5;113;38;5;16m▄▄▄[38;5;113m█████████[38;5;16m▄▄[49m▀[39m       [00m
    [38;5;16m▀[48;5;231m▄[48;5;113;38;5;113m█[48;5;125;38;5;125m██████████[38;5;16m▄[48;5;16;38;5;113m▄[48;5;113m██[48;5;231m▄[48;5;113;38;5;231m▄[48;5;231;38;5;113m▄[48;5;113;38;5;231m▄[48;5;231;38;5;113m▄[48;5;113;38;5;231m▄[38;5;113m████[38;5;16m▄[48;5;16;38;5;125m▄[48;5;125m██████[48;5;16m▄▄[48;5;113;38;5;16m▄▄▄▄▄[49m▀▀[39m          [00m
     [38;5;16m▀[48;5;231m▄[48;5;125m▄▄[48;5;16;38;5;231m▄▄▄▄[48;5;125;38;5;16m▄▄[38;5;125m██[48;5;16;38;5;16m█[48;5;113;38;5;113m█████[48;5;231m▄[48;5;113m█[48;5;231m▄[48;5;113m████[38;5;16m▄[48;5;16;38;5;125m▄[48;5;125m███████[38;5;231m▄[48;5;231;38;5;16m▄[49m▀[39m                [00m
     [38;5;16m▄[48;5;16;38;5;231m▄[48;5;231;38;5;113m▄[38;5;125m▄[48;5;113m▄[48;5;125m████[38;5;113m▄[48;5;16;38;5;231m▄[48;5;125m▄[48;5;16;38;5;113m▄[48;5;113;38;5;16m▄[38;5;113m███████████[48;5;16;38;5;16m█[48;5;125;38;5;125m██[38;5;16m▄▄[38;5;125m█[38;5;231m▄▄[48;5;231;38;5;16m▄[48;5;16m█[49;39m                  [00m
    [38;5;16m▄[48;5;16;38;5;231m▄[48;5;231;38;5;113m▄[48;5;125;38;5;125m██[38;5;113m▄▄[38;5;125m██[38;5;113m▄[38;5;231m▄[48;5;231m███[48;5;16;38;5;113m▄[48;5;113;38;5;16m▄[38;5;113m█████████[48;5;16;38;5;16m█[48;5;125;38;5;125m████[48;5;113m▄[48;5;16m▄[38;5;113m▄[38;5;231m▄[48;5;113;38;5;16m▄[38;5;113m█[48;5;16m▄[48;5;125m▄[49;38;5;16m▄[39m               [00m
    [48;5;16;38;5;16m█[48;5;231;38;5;231m█[48;5;125;38;5;125m██[48;5;113m▄[48;5;125m███[48;5;113m▄[48;5;231m▄[48;5;113m▄[48;5;125m██[48;5;231;38;5;113m▄[48;5;125;38;5;125m██[48;5;16m▄▄[48;5;113;38;5;16m▄▄▄▄▄[48;5;16;38;5;125m▄[38;5;231m▄[48;5;231m██[38;5;113m▄[38;5;125m▄[48;5;113m▄[48;5;125m███[48;5;113m▄[48;5;231;38;5;231m█[48;5;16;38;5;16m█[48;5;113;38;5;113m████[48;5;16m▄[49;38;5;16m▄[39m            [00m
   [48;5;16;38;5;16m█[48;5;231;38;5;231m█[48;5;113;38;5;125m▄[48;5;125m███████[38;5;113m▄[38;5;125m████[48;5;113;38;5;231m▄[48;5;125;38;5;16m▄[38;5;125m████████[48;5;113m▄[48;5;231;38;5;231m█[38;5;125m▄[38;5;231m█[48;5;113m▄[48;5;125;38;5;125m█[48;5;113m▄[48;5;125;38;5;113m▄[38;5;125m██[48;5;113m▄[48;5;231;38;5;231m█[48;5;16;38;5;16m█[48;5;113;38;5;113m█████[48;5;16;38;5;16m█[49;38;5;125m▄[39m          [00m
   [48;5;16;38;5;16m█[48;5;231;38;5;231m█[48;5;125;38;5;113m▄[38;5;125m████[38;5;113m▄▄[48;5;113;38;5;125m▄[48;5;125m████[48;5;113;38;5;231m▄[48;5;16;38;5;16m█[48;5;125;38;5;125m█████[48;5;16;38;5;16m█[48;5;113;38;5;231m▄[48;5;125;38;5;125m███[48;5;231m▄[48;5;125m█[38;5;113m▄[38;5;125m█[48;5;231m▄[48;5;125m██[48;5;113m▄[48;5;125m██[48;5;113m▄[48;5;16;38;5;231m▄[48;5;113;38;5;16m▄[38;5;113m█████[48;5;16;38;5;16m█[38;5;231m▄[48;5;125m▄[49;38;5;16m▄[39m       [00m
   [48;5;16;38;5;16m█[48;5;231;38;5;231m██[38;5;16m▄▄[48;5;113;38;5;231m▄[48;5;125m▄[38;5;113m▄▄[38;5;125m██[38;5;113m▄[38;5;231m▄[48;5;231;38;5;16m▄[48;5;16;38;5;125m▄[48;5;125m█[38;5;113m▄[38;5;125m██[48;5;113;38;5;113m█[48;5;125;38;5;125m██[48;5;16;38;5;16m█[48;5;113;38;5;231m▄[48;5;125;38;5;125m█████[48;5;113m▄▄[48;5;125m█████[38;5;113m▄[48;5;231;38;5;231m█[48;5;16;38;5;16m█[48;5;113;38;5;113m██████[48;5;16;38;5;16m█[48;5;231;38;5;113m▄[38;5;231m█[48;5;16m▄[49;38;5;16m▄[39m     [00m
    [38;5;16m▀▀[39m  [38;5;16m▀[48;5;16;38;5;113m▄[38;5;16m█[48;5;231m▄▄▄[48;5;16m█[38;5;125m▄[48;5;125m██[48;5;113;38;5;113m█[48;5;125;38;5;125m████[48;5;113m▄[48;5;125m██[48;5;16m▄[48;5;231;38;5;16m▄[48;5;113m▄[48;5;125;38;5;231m▄[38;5;113m▄[38;5;125m███[38;5;113m▄[38;5;231m▄▄[48;5;113;38;5;16m▄[48;5;231m▄▄[38;5;113m▄[48;5;16;38;5;16m█[48;5;113;38;5;113m███████[48;5;16;38;5;16m█[48;5;113;38;5;113m█[48;5;231m▄[48;5;113m█[48;5;125;38;5;16m▄[49;39m    [00m
         [48;5;16;38;5;16m█[48;5;113;38;5;113m████[48;5;16m▄[48;5;231;38;5;16m▄[48;5;125;38;5;231m▄[38;5;125m████████[38;5;231m▄[48;5;231;38;5;16m▄[48;5;16;38;5;113m▄[48;5;113m█[48;5;16m▄▄[48;5;231;38;5;16m▄▄▄▄[48;5;16;38;5;113m▄▄[48;5;113m███[48;5;16m▄[48;5;113m████████[48;5;16;38;5;16m█[48;5;113;38;5;125m▄[38;5;113m███[48;5;125;38;5;16m▄[49;39m   [00m
        [48;5;16;38;5;16m█[48;5;113;38;5;113m███████[48;5;16m▄[48;5;231;38;5;16m▄▄[48;5;125;38;5;231m▄[38;5;125m██[38;5;231m▄[48;5;231;38;5;16m▄▄[48;5;16;38;5;113m▄[48;5;113m██[38;5;231m▄▄[38;5;113m████████████████████[48;5;16;38;5;16m█[48;5;113;38;5;113m████[48;5;16;38;5;125m▄[49;39m  [00m
        [48;5;16;38;5;16m█[48;5;231;38;5;231m█[48;5;113m▄[38;5;113m██[48;5;16m▄[48;5;113;38;5;16m▄▄[38;5;113m███[48;5;16m▄[48;5;231;38;5;16m▄▄[48;5;16;38;5;113m▄[48;5;113m████[48;5;231;38;5;231m████[48;5;113;38;5;113m████████████████[48;5;16;38;5;16m█[48;5;113;38;5;113m██[48;5;16m▄[38;5;16m█[48;5;113m▄[38;5;113m███[48;5;16;38;5;16m█[49;39m [00m
       [48;5;125;38;5;16m▄[48;5;16;38;5;231m▄[48;5;231m██[48;5;113;38;5;113m█████[48;5;16m▄[38;5;16m██[48;5;113m▄▄▄▄▄[38;5;113m███[48;5;231m▄[38;5;231m███[38;5;113m▄[48;5;113;38;5;231m▄[38;5;113m██████████[38;5;16m▄▄▄[48;5;16;38;5;113m▄[48;5;113m████[48;5;16;38;5;16m█[49;39m [38;5;16m▀▀[48;5;113m▄▄[49m▀[39m[00m
       [48;5;16;38;5;16m█[48;5;231;38;5;231m██[38;5;113m▄[48;5;113m█████[48;5;16;38;5;16m█[49m▀[39m     [48;5;16;38;5;16m██[38;5;125m▄[38;5;16m█[38;5;125m▄[48;5;231;38;5;16m▄[38;5;231m██[38;5;113m▄[48;5;113;38;5;231m▄[38;5;113m██████[38;5;16m▄[49m▀▀▀▀[48;5;113m▄[38;5;113m█[48;5;231m▄[48;5;113;38;5;231m▄[48;5;231;38;5;113m▄[48;5;113m███[48;5;16;38;5;16m█[49;39m     [00m
      [38;5;16m▄[48;5;16;38;5;231m▄[48;5;113;38;5;16m▄[48;5;125;38;5;231m▄▄[48;5;113;38;5;125m▄[38;5;113m█[38;5;125m▄[48;5;125;38;5;231m▄[48;5;16;38;5;16m█[49;39m       [38;5;16m▀[48;5;125m▄[48;5;16m█[48;5;125m▄[48;5;16m██[48;5;231m▄[48;5;113;38;5;125m▄[48;5;231;38;5;113m▄[48;5;113m█[38;5;125m▄▄[38;5;113m██[38;5;125m▄[48;5;16;38;5;16m█[49;39m      [38;5;16m▀[48;5;113m▄[38;5;113m█[38;5;125m▄[48;5;125;38;5;231m▄▄[48;5;113;38;5;125m▄[48;5;16;38;5;231m▄[49;38;5;16m▄[39m    [00m
       [38;5;16m▀▀▀▀▀▀▀▀[39m             [38;5;16m▀[48;5;231m▄[48;5;125m▄[48;5;113m▄[48;5;125m▄[48;5;231m▄▄[48;5;125m▄[48;5;113m▄[48;5;125m▄[48;5;231m▄[49m▀[39m       [38;5;16m▀▀▀▀▀▀[39m     [00m
                                                          [00m
