              [38;5;65m▄[48;5;16;38;5;231m▄[48;5;231m█[38;5;118m▄[48;5;16m▄[49;38;5;16m▄[39m           [00m
             [38;5;65m▄[48;5;16;38;5;231m▄[48;5;231m█[48;5;118;38;5;118m███[48;5;16;38;5;65m▄[49;38;5;16m▄[39m          [00m
            [38;5;65m▄[48;5;16;38;5;231m▄[48;5;231m█[48;5;118;38;5;118m███[48;5;65;38;5;65m██[48;5;16m▄[49;38;5;16m▄[39m         [00m
           [38;5;16m▄[48;5;16;38;5;231m▄[48;5;231m█[48;5;118;38;5;118m████[48;5;65;38;5;16m▄[48;5;16;38;5;65m▄[38;5;118m▄▄[49;38;5;16m▄[39m        [00m
          [38;5;16m▄[48;5;16;38;5;118m▄[48;5;231;38;5;16m▄[38;5;231m█[48;5;118;38;5;118m██[38;5;16m▄[48;5;16m█[48;5;231;38;5;231m█[48;5;16;38;5;16m██[48;5;118;38;5;65m▄▄[48;5;16;38;5;16m█[49m▄[39m      [00m
          [48;5;16;38;5;16m█[48;5;65;38;5;231m▄[48;5;118;38;5;118m█[48;5;16m▄[48;5;118;38;5;65m▄[48;5;16;38;5;118m▄[48;5;118m██[48;5;16m▄[48;5;231;38;5;16m▄▄▄[48;5;16;38;5;65m▄[48;5;65m██[48;5;16;38;5;118m▄▄[49;38;5;16m▄[39m   [00m
         [48;5;16;38;5;16m█[48;5;118;38;5;118m█[48;5;16;38;5;16m█[48;5;118;38;5;65m▄[48;5;65;38;5;16m▄[48;5;231;38;5;231m█[48;5;16;38;5;118m▄[48;5;118;38;5;16m▄[38;5;118m██[48;5;65m▄[38;5;65m██████[48;5;118m▄[38;5;118m█[48;5;16m▄▄[49;38;5;16m▄[39m[00m
        [48;5;16;38;5;16m█[48;5;118;38;5;118m█[48;5;65;38;5;65m██[48;5;16;38;5;16m█[48;5;231;38;5;231m██[48;5;118;38;5;118m██[48;5;16m▄[48;5;118;38;5;16m▄[38;5;118m█[48;5;65;38;5;65m████████[48;5;118m▄[38;5;16m▄[49m▀[39m[00m
         [38;5;16m▀▀[48;5;65m▄[48;5;16;38;5;65m▄[48;5;65;38;5;16m▄[48;5;231;38;5;118m▄[48;5;118m██[38;5;16m▄[48;5;16;38;5;118m▄[48;5;118m██[48;5;65;38;5;65m████[38;5;16m▄▄[49m▀▀[39m  [00m
            [48;5;16;38;5;16m█[38;5;118m▄[48;5;118;38;5;16m▄[38;5;118m█[38;5;16m▄[48;5;16;38;5;118m▄[48;5;118m███[48;5;65;38;5;65m███[48;5;16m▄[48;5;65m█[48;5;16;38;5;16m█[49;39m    [00m
            [38;5;16m▀[48;5;118m▄[38;5;118m█[48;5;16;38;5;16m█[48;5;118;38;5;118m█████[48;5;65;38;5;65m█████[48;5;16;38;5;16m█[49;39m    [00m
             [48;5;16;38;5;16m█[48;5;118;38;5;118m██[48;5;16;38;5;16m█[48;5;118;38;5;118m███[48;5;65;38;5;65m██████[49m▀[39m    [00m
    [38;5;65m▄▄[39m      [38;5;16m▄[48;5;16;38;5;65m▄[48;5;118;38;5;118m█[38;5;65m▄[48;5;16;38;5;118m▄[48;5;118m██[38;5;65m▄[48;5;65m█████[48;5;16m▄[49;39m     [00m
   [48;5;65;38;5;16m▄[48;5;231;38;5;118m▄[48;5;118;38;5;231m▄[48;5;16;38;5;118m▄[49;38;5;16m▄▄▄▄[48;5;16;38;5;65m▄[48;5;118;38;5;231m▄[48;5;65m▄[48;5;118;38;5;16m▄[48;5;16;38;5;118m▄[48;5;118m██[38;5;65m▄[48;5;65m█████[48;5;16m▄[49;39m      [00m
   [38;5;16m▀[48;5;65;38;5;65m█[48;5;231;38;5;118m▄[38;5;231m█[48;5;118m▄[38;5;65m▄[48;5;65;38;5;231m▄[48;5;118m▄[48;5;65;38;5;65m█[48;5;231;38;5;118m▄[48;5;118m██[48;5;16;38;5;65m▄▄[48;5;65m█[38;5;16m▄▄▄▄[48;5;16m█[49m▀[39m       [00m
    [38;5;16m▀[48;5;65m▄[48;5;118;38;5;65m▄▄[48;5;16;38;5;16m█[48;5;118;38;5;65m▄▄▄[48;5;16m▄[48;5;65;38;5;16m▄▄[38;5;65m█[38;5;16m▄[48;5;16;38;5;65m▄[48;5;65m█[38;5;16m▄▄[49m▀[39m         [00m
      [38;5;65m▀[38;5;16m▀[48;5;65;38;5;65m█[48;5;16;38;5;16m█[48;5;65m▄▄▄▄▄[48;5;16m█[38;5;65m▄[49;38;5;16m▀▀[38;5;65m▀[39m           [00m
                               [00m
