                [38;5;236m▄[38;5;16m▄[39m [38;5;16m▄▄[48;5;16m█[48;5;97;38;5;97m█[48;5;236;38;5;236m█[48;5;16;38;5;16m█[49;39m      [38;5;236m▄[39m     [38;5;236m▄[38;5;16m▄[48;5;236;38;5;231m▄[48;5;16m▄[48;5;97;38;5;97m██[38;5;236m▄[38;5;16m▄▄▄▄[49m▀[39m          [00m
               [48;5;16;38;5;16m█[48;5;231;38;5;97m▄[38;5;231m█[48;5;16m▄[48;5;97;38;5;16m▄▄▄[38;5;236m▄[38;5;97m█[48;5;236m▄[48;5;16;38;5;236m▄[49;38;5;16m▄[39m   [48;5;236;38;5;16m▄[48;5;231;38;5;231m█[48;5;16;38;5;16m█[49;39m   [48;5;236;38;5;16m▄[48;5;231;38;5;231m█[38;5;97m▄[38;5;236m▄[48;5;97;38;5;16m▄[48;5;236m▄[48;5;16m██[38;5;236m▄▄[48;5;236m█[48;5;16m▄[49;38;5;16m▄[39m          [00m
        [38;5;236m▄[48;5;236;38;5;231m▄[49;38;5;16m▄[39m     [38;5;236m▀[48;5;97;38;5;16m▄[38;5;97m█[48;5;231m▄[48;5;97;38;5;231m▄[48;5;16;38;5;97m▄▄[38;5;16m█[48;5;236m▄[48;5;97;38;5;97m█[48;5;16;38;5;236m▄▄[49;38;5;16m▄[48;5;16;38;5;97m▄[48;5;231;38;5;236m▄[48;5;97;38;5;97m█[48;5;16m▄[49;38;5;16m▄▄[48;5;16;38;5;231m▄[48;5;97;38;5;97m██[48;5;236;38;5;16m▄[48;5;16m██[38;5;236m▄[48;5;236;38;5;16m▄[38;5;236m█████[48;5;16m▄[49;38;5;16m▄[39m         [00m
       [48;5;236;38;5;16m▄[48;5;231;38;5;231m██[48;5;16;38;5;16m█[38;5;236m▄[38;5;97m▄[49;38;5;16m▄[39m   [38;5;16m▄[48;5;16m█[48;5;97m▄[38;5;97m████[38;5;236m▄[48;5;16m▄[38;5;97m▄▄[48;5;236;38;5;231m▄▄[48;5;231;38;5;97m▄[48;5;97m█[38;5;236m▄[48;5;16;38;5;231m▄[48;5;231m█[38;5;97m▄[48;5;97;38;5;236m▄[48;5;16;38;5;16m██[38;5;236m▄[48;5;236;38;5;16m▄[48;5;16;38;5;236m▄[48;5;236;38;5;16m▄[48;5;16m█[48;5;236m▄▄[38;5;236m██[38;5;16m▄[48;5;16m█[49;39m         [00m
     [38;5;236m▄[48;5;236;38;5;231m▄[48;5;16m▄[48;5;236;38;5;16m▄[38;5;236m███[38;5;16m▄[48;5;97;38;5;231m▄[48;5;16m▄[48;5;236m▄[49;38;5;236m▄[48;5;16;38;5;16m█[48;5;236m▄[48;5;16;38;5;236m▄[38;5;16m█[48;5;97;38;5;97m██[48;5;236;38;5;236m█████[48;5;97m▄[38;5;97m█████[48;5;231m▄[48;5;16m▄[38;5;16m██[48;5;236m▄[48;5;16m█[48;5;236m▄[48;5;16m█[48;5;236m▄[48;5;16;38;5;231m▄[48;5;231;38;5;236m▄[38;5;231m█[48;5;16m▄[38;5;236m▄[48;5;231m▄[38;5;231m█[48;5;16;38;5;16m█[49;39m        [00m
    [48;5;236;38;5;16m▄[48;5;231;38;5;231m██[38;5;16m▄[48;5;16;38;5;236m▄▄[48;5;236;38;5;16m▄[38;5;236m█[48;5;16m▄[48;5;231;38;5;16m▄▄[48;5;16;38;5;236m▄[49;39m  [48;5;16;38;5;16m█[38;5;236m▄[48;5;236;38;5;16m▄[48;5;16m█[48;5;97;38;5;97m██[48;5;236;38;5;236m█████[48;5;97;38;5;97m██[38;5;236m▄[38;5;16m▄▄[38;5;97m███[48;5;16m▄[38;5;16m█[49m▀[39m [38;5;236m▄[48;5;16;38;5;97m▄[48;5;236m▄[48;5;97m█████[48;5;236m▄[48;5;16;38;5;16m█[49;39m        [00m
    [48;5;16;38;5;16m█[48;5;236;38;5;97m▄▄[38;5;236m███[48;5;16m▄[48;5;236m████[48;5;16;38;5;16m█[49;39m   [48;5;16;38;5;236m▄[48;5;236;38;5;231m▄[48;5;231m█[48;5;16;38;5;236m▄[48;5;97;38;5;97m██[48;5;236m▄[38;5;236m█[48;5;97;38;5;231m▄[48;5;231m█[48;5;97;38;5;236m▄[48;5;236;38;5;16m▄[48;5;16;38;5;231m▄[48;5;231m█[48;5;236m▄[48;5;97;38;5;236m▄[38;5;97m███[48;5;16;38;5;16m█[49;39m [48;5;236;38;5;236m█[48;5;97;38;5;97m██████████[48;5;16m▄▄[49;38;5;16m▄[39m     [00m
   [48;5;236;38;5;16m▄[48;5;231;38;5;231m█[48;5;97m▄[38;5;97m██[48;5;236;38;5;236m███████[48;5;16;38;5;16m█[49;39m  [38;5;236m▄[48;5;16;38;5;231m▄[48;5;231m█[38;5;97m▄[48;5;97m████[48;5;16m▄[48;5;231m▄[48;5;97;38;5;16m▄[48;5;16;38;5;231m▄[38;5;16m█[48;5;231m▄[38;5;236m▄[48;5;16m▄[48;5;236;38;5;97m▄[48;5;97m███[48;5;16;38;5;236m▄[49;38;5;16m▄[48;5;236;38;5;97m▄[48;5;97m█[38;5;231m▄[48;5;231m██[48;5;97m▄[38;5;97m████████[48;5;16m▄[49;38;5;236m▄[39m   [00m
   [48;5;16;38;5;16m█[48;5;231;38;5;231m██[48;5;97;38;5;97m██[48;5;236;38;5;236m██████[48;5;97;38;5;97m█[48;5;16;38;5;16m█[49;39m [38;5;16m▄[48;5;16;38;5;231m▄[48;5;231;38;5;97m▄[48;5;97;38;5;231m▄[48;5;231;38;5;97m▄[48;5;97m█████[48;5;236m▄[48;5;16m▄[38;5;231m▄[48;5;97m▄[38;5;97m███[38;5;16m▄[48;5;16;38;5;231m▄[48;5;97;38;5;16m▄[38;5;97m██[48;5;16;38;5;236m▄[48;5;97;38;5;16m▄[38;5;97m█[48;5;231m▄[38;5;231m██[48;5;97m▄[48;5;231;38;5;97m▄[48;5;97m████████[48;5;16m▄[49;38;5;236m▄[39m  [00m
   [48;5;16;38;5;236m▄[48;5;231;38;5;231m█[38;5;97m▄[38;5;231m█[48;5;97;38;5;97m█[48;5;236m▄[38;5;236m█████[48;5;97;38;5;16m▄[49;38;5;236m▀[39m [38;5;16m▀[48;5;231m▄[38;5;97m▄[48;5;97;38;5;231m▄[38;5;97m█[38;5;16m▄[48;5;236m▄[48;5;16;38;5;97m▄[48;5;97m███[38;5;236m▄[38;5;16m▄▄[48;5;236m▄[48;5;16;38;5;231m▄[38;5;16m█[38;5;236m▄[48;5;231;38;5;231m█[48;5;16m▄[38;5;16m█[48;5;236;38;5;236m█[38;5;16m▄[48;5;16m█[48;5;97m▄[38;5;97m██[48;5;231m▄[48;5;97;38;5;231m▄[48;5;231;38;5;97m▄[48;5;97;38;5;231m▄[38;5;97m████[38;5;16m▄▄[38;5;97m██[48;5;16;38;5;16m█[49;39m  [00m
    [48;5;16;38;5;16m█[48;5;231;38;5;97m▄[48;5;97;38;5;231m▄[38;5;97m██[48;5;236;38;5;236m█████[48;5;16;38;5;16m█[49m▄[39m  [38;5;16m▀[48;5;16m██[48;5;97m▄▄▄▄[48;5;16;38;5;236m▄▄▄▄[48;5;231;38;5;16m▄[48;5;16;38;5;236m▄▄▄▄▄[48;5;231;38;5;16m▄▄[48;5;16;38;5;236m▄▄[38;5;16m█[38;5;97m▄[48;5;97m█[48;5;16;38;5;16m█[48;5;97;38;5;97m███[48;5;231m▄[48;5;97;38;5;231m▄[48;5;231;38;5;97m▄[48;5;97m█[38;5;16m▄[48;5;16;38;5;231m▄[48;5;231m██[48;5;16m▄[48;5;236;38;5;16m▄[38;5;236m█[48;5;16;38;5;16m█[49;39m [00m
    [38;5;236m▀[48;5;97;38;5;16m▄[38;5;97m████[48;5;236;38;5;236m███[38;5;16m▄[48;5;16m█[48;5;236;38;5;236m█[48;5;16;38;5;97m▄▄▄[48;5;97m█[48;5;16;38;5;16m█[48;5;236m▄▄[38;5;236m███████████████[48;5;16;38;5;16m█[48;5;97;38;5;231m▄[48;5;231m█[48;5;97;38;5;97m█[48;5;236;38;5;236m█[48;5;16;38;5;16m█[48;5;97;38;5;97m██████[48;5;16;38;5;236m▄[48;5;231;38;5;16m▄[38;5;231m███[48;5;16m▄[48;5;236;38;5;16m▄[48;5;16;38;5;236m▄[49;38;5;16m▄[39m[00m
     [38;5;236m▀[48;5;97m▄[38;5;16m▄[38;5;236m▄[48;5;236m███[38;5;16m▄[48;5;16;38;5;236m▄[48;5;236m████[48;5;97m▄[38;5;16m▄[48;5;16m█[48;5;236;38;5;236m██[48;5;16m▄[38;5;16m██[48;5;236m▄▄▄[38;5;236m█████[38;5;16m▄▄▄[48;5;16m█[48;5;97;38;5;97m█[48;5;231m▄▄[48;5;236;38;5;236m█[48;5;16;38;5;16m█[48;5;231;38;5;231m█[48;5;16m▄[48;5;97;38;5;16m▄[38;5;97m███[48;5;236;38;5;236m██[48;5;16m▄[48;5;231;38;5;16m▄[38;5;231m█[38;5;97m▄[38;5;231m█[48;5;16;38;5;97m▄[48;5;236;38;5;16m▄[48;5;16m█[49;39m[00m
        [38;5;16m▀▀▀▀[48;5;236m▄▄[38;5;97m▄▄▄[38;5;236m██[48;5;16;38;5;16m█[48;5;236;38;5;236m███[38;5;16m▄[48;5;16;38;5;97m▄[48;5;236;38;5;16m▄▄[38;5;236m█[48;5;16m▄▄[38;5;16m█[38;5;236m▄[38;5;16m█[38;5;236m▄[48;5;236;38;5;16m▄[48;5;16m█[48;5;236m▄[48;5;16m█[48;5;97m▄[38;5;236m▄[48;5;236m██[48;5;16;38;5;16m█[48;5;97m▄[38;5;97m█[38;5;236m▄[48;5;16m▄[48;5;97;38;5;16m▄[38;5;97m█[48;5;236;38;5;236m███[48;5;16;38;5;16m█[48;5;97;38;5;231m▄[48;5;231;38;5;97m▄[48;5;97;38;5;231m▄[48;5;231;38;5;97m▄[48;5;16;38;5;16m██[49;39m[00m
       [38;5;16m▄[48;5;236;38;5;97m▄▄[49;38;5;16m▄[39m   [38;5;16m▀[48;5;16m█[48;5;97m▄▄[48;5;16;38;5;97m▄[48;5;236;38;5;236m███[48;5;16;38;5;16m█[48;5;231;38;5;231m███[48;5;97m▄[48;5;16m▄[38;5;97m▄[48;5;236;38;5;16m▄▄[48;5;16;38;5;231m▄[38;5;97m▄[38;5;231m▄[48;5;231;38;5;97m▄[48;5;97;38;5;231m▄[48;5;231;38;5;97m▄[48;5;97;38;5;231m▄[48;5;16;38;5;97m▄[48;5;236;38;5;16m▄[38;5;236m███[48;5;16m▄[48;5;236;38;5;16m▄▄[38;5;236m██[48;5;16m▄▄[48;5;236;38;5;16m▄[48;5;16m█[48;5;231m▄[48;5;97m▄[48;5;231;38;5;231m█[48;5;97m▄[48;5;231;38;5;16m▄[49m▀[39m [00m
       [48;5;16;38;5;236m▄[48;5;236;38;5;231m▄[38;5;97m▄[48;5;16;38;5;16m█[49;39m    [38;5;16m▀[48;5;97m▄▄[38;5;97m███[48;5;16;38;5;16m█[48;5;231;38;5;231m██████[38;5;236m▄[48;5;16;38;5;231m▄[48;5;231m███[48;5;97m▄[48;5;231m█[48;5;97m▄[48;5;231;38;5;97m▄[48;5;97;38;5;231m▄[48;5;231;38;5;97m▄[48;5;16;38;5;231m▄[48;5;236;38;5;16m▄▄[38;5;236m███[48;5;16m▄▄▄[48;5;236;38;5;16m▄▄[38;5;236m███[38;5;16m▄[49m▀▀[39m   [00m
      [38;5;236m▄[48;5;16;38;5;97m▄[48;5;97;38;5;231m▄[48;5;231;38;5;97m▄[48;5;97m█[48;5;16;38;5;16m█[49;39m      [38;5;16m▀▀[48;5;16;38;5;236m▄[48;5;236;38;5;231m▄[48;5;231m█████[38;5;97m▄[48;5;16;38;5;16m█[48;5;231;38;5;231m██████████[48;5;97m▄[48;5;231;38;5;97m▄[48;5;16;38;5;16m█[38;5;236m▄▄[48;5;236;38;5;16m▄▄▄[48;5;16m███[38;5;236m▄▄▄[49;38;5;16m▄[39m     [00m
      [48;5;236;38;5;16m▄[48;5;97;38;5;97m█[38;5;16m▄[48;5;16;38;5;97m▄[38;5;231m▄[38;5;97m▄[49;38;5;16m▄[39m       [48;5;16;38;5;16m█[48;5;231;38;5;97m▄[38;5;231m████[38;5;97m▄[48;5;236;38;5;16m▄[48;5;231;38;5;231m███████████[38;5;97m▄[48;5;97m█[38;5;16m▄[48;5;236;38;5;236m█[48;5;16m▄[48;5;236;38;5;16m▄[48;5;16;38;5;236m▄[48;5;236;38;5;16m▄[48;5;16;38;5;236m▄[48;5;236;38;5;16m▄[48;5;16;38;5;236m▄[48;5;236;38;5;16m▄[48;5;16;38;5;236m▄[48;5;236;38;5;16m▄[49m▀[39m     [00m
      [48;5;16;38;5;16m█[48;5;236;38;5;236m█[48;5;97;38;5;97m█[48;5;231m▄[48;5;97;38;5;231m▄[38;5;97m██[48;5;16;38;5;236m▄[38;5;16m█[49m▄[39m  [38;5;236m▄[38;5;16m▄[48;5;16m█[48;5;236;38;5;236m█[48;5;97;38;5;16m▄▄[38;5;236m▄[48;5;236;38;5;231m▄[48;5;16m▄▄▄[48;5;231;38;5;236m▄[38;5;16m▄[38;5;97m▄▄▄▄▄▄[48;5;97m█[38;5;16m▄▄[48;5;16;38;5;236m▄[48;5;236;38;5;16m▄▄[48;5;16;38;5;231m▄▄[38;5;97m▄[38;5;236m▄[38;5;16m█[48;5;236m▄[48;5;16;38;5;236m▄[48;5;236;38;5;16m▄[48;5;16m█[38;5;236m▄▄[49;38;5;16m▄[39m    [00m
       [48;5;16;38;5;16m█[48;5;236;38;5;236m█[48;5;231m▄[48;5;97;38;5;97m█[48;5;231;38;5;16m▄[48;5;16;38;5;97m▄▄[48;5;97;38;5;16m▄▄[48;5;16;38;5;236m▄[38;5;97m▄[48;5;231m▄▄[48;5;97m█[48;5;16m▄[38;5;16m█[48;5;231;38;5;231m████████[48;5;236m▄[48;5;16m▄▄▄▄▄▄[48;5;231m█[38;5;236m▄[48;5;16;38;5;97m▄[48;5;231;38;5;231m████[48;5;97;38;5;97m█[48;5;236;38;5;236m███[48;5;16;38;5;16m██[38;5;236m▄[48;5;236m██[48;5;16m▄[49;38;5;16m▄[39m   [00m
       [38;5;16m▀[48;5;236m▄[38;5;236m█[38;5;16m▄[48;5;16;38;5;236m▄[48;5;236;38;5;16m▄[48;5;16;38;5;236m▄[48;5;97;38;5;231m▄[48;5;231m██[48;5;16;38;5;97m▄[48;5;97;38;5;16m▄[38;5;236m▄▄[48;5;236m█[48;5;16;38;5;16m█[48;5;231;38;5;231m█[38;5;97m▄[38;5;236m▄▄[38;5;16m▄▄[38;5;236m▄[38;5;231m███████[38;5;236m▄[48;5;236;38;5;231m▄[48;5;16;38;5;16m█[48;5;97;38;5;97m█[48;5;231m▄[38;5;231m██[38;5;97m▄[48;5;97;38;5;236m▄[48;5;236m███[48;5;16;38;5;16m█[48;5;236;38;5;236m█[48;5;16;38;5;16m█[48;5;236;38;5;236m███[48;5;16m▄[49;38;5;16m▄[39m  [00m
        [38;5;16m▀[48;5;236m▄[48;5;16m█[48;5;236;38;5;236m█[48;5;16;38;5;97m▄[48;5;231;38;5;231m██[38;5;97m▄[48;5;97m██[48;5;16m▄[48;5;236;38;5;16m▄[38;5;236m██[48;5;16m▄[48;5;236;38;5;16m▄[48;5;231;38;5;231m██████[48;5;16m▄▄[48;5;236m▄[48;5;231;38;5;236m▄[38;5;16m▄▄▄[48;5;16;38;5;231m▄[48;5;231m█[48;5;16m▄[48;5;97;38;5;16m▄[38;5;97m██[38;5;236m▄[48;5;236m█████[48;5;16;38;5;16m█[48;5;236;38;5;236m██[48;5;16;38;5;16m█[48;5;236;38;5;236m███[48;5;16;38;5;16m█[49;39m  [00m
          [38;5;16m▀[48;5;16m█[48;5;97;38;5;97m█████[38;5;236m▄[48;5;236m█[48;5;16m▄[48;5;236;38;5;16m▄▄[48;5;16m██[48;5;236m▄[48;5;231;38;5;231m██████████[38;5;97m▄[48;5;16;38;5;16m█[48;5;231;38;5;97m▄[38;5;231m█[38;5;97m▄[48;5;16m▄[48;5;236;38;5;16m▄[38;5;236m██████[48;5;16;38;5;16m█[48;5;236;38;5;236m████[48;5;16;38;5;16m█[48;5;236m▄[48;5;16;38;5;236m▄[48;5;236m█[48;5;16;38;5;16m█[49;39m [00m
          [38;5;16m▄[48;5;16;38;5;97m▄[48;5;236;38;5;236m█[48;5;97m▄▄[48;5;236m███[38;5;16m▄▄[48;5;16;38;5;236m▄[48;5;236m█[48;5;16m▄▄▄[38;5;16m█[48;5;231m▄[38;5;97m▄[38;5;231m█[38;5;97m▄[38;5;231m█[38;5;97m▄[48;5;97;38;5;231m▄[48;5;231;38;5;97m▄[48;5;97;38;5;231m▄[48;5;231;38;5;97m▄[48;5;97m█[48;5;16;38;5;16m█[48;5;97m▄[38;5;97m███[48;5;16m▄[38;5;236m▄[48;5;236;38;5;16m▄▄▄[48;5;16;38;5;236m▄[48;5;236m█████[48;5;16;38;5;16m█[48;5;236;38;5;236m███[48;5;16;38;5;16m█[49;39m [00m
         [48;5;16;38;5;16m█[48;5;97;38;5;97m█[38;5;236m▄[38;5;16m▄▄[48;5;16;38;5;236m▄▄▄▄[48;5;236m██████[48;5;16;38;5;16m█[38;5;236m▄[38;5;16m█[38;5;236m▄[38;5;16m█[48;5;231m▄[48;5;97m▄[48;5;231;38;5;97m▄[48;5;97m█[48;5;231m▄[48;5;97m███[38;5;16m▄[48;5;16;38;5;97m▄[48;5;97;38;5;236m▄[38;5;97m█[38;5;236m▄[48;5;236m███[38;5;16m▄▄▄▄[38;5;236m██[48;5;97m▄[48;5;16;38;5;16m█[48;5;97;38;5;97m█[48;5;16;38;5;16m█[48;5;236;38;5;236m█[48;5;16;38;5;16m█[49;39m  [00m
        [38;5;16m▄[48;5;16;38;5;231m▄▄[48;5;231m██[48;5;97;38;5;97m██[48;5;16m▄▄[48;5;236;38;5;16m▄▄▄▄[48;5;16;38;5;236m▄▄[38;5;16m█[48;5;236m▄[48;5;16m█[48;5;236m▄[48;5;16m█[48;5;236m▄[48;5;16;38;5;236m▄▄[49;38;5;16m▀▀▀▀▀▀▀[48;5;97m▄[48;5;236m▄[38;5;236m██[38;5;16m▄[48;5;16;38;5;231m▄▄[48;5;231m███[48;5;97;38;5;97m█[48;5;16m▄▄[48;5;236;38;5;16m▄▄[48;5;16m█[48;5;236m▄[49m▀[39m   [00m
         [38;5;16m▀▀▀▀▀▀▀▀[38;5;236m▀[39m                      [38;5;16m▀▀▀▀[48;5;231m▄▄▄[48;5;97m▄▄▄[49m▀▀▀[39m      [00m
                                                           [00m
