                             [38;5;16m▀[48;5;144m▄[48;5;231;38;5;231m█[48;5;144m▄[38;5;144m█[48;5;16;38;5;231m▄[38;5;144m▄[49;38;5;16m▄[48;5;16;38;5;231m▄[48;5;144;38;5;16m▄[49;39m                   [00m
        [38;5;16m▄[38;5;144m▄[39m                    [48;5;16;38;5;16m█[38;5;231m▄[48;5;231;38;5;144m▄[38;5;231m█[48;5;144m▄[38;5;144m█[48;5;16m▄[48;5;231;38;5;16m▄[48;5;16m█[49;39m                   [00m
       [48;5;16;38;5;16m█[48;5;144;38;5;144m█[48;5;16;38;5;16m█[49;39m                    [38;5;144m▀[38;5;16m▀[48;5;144m▄[48;5;231;38;5;231m██[48;5;144m▄[38;5;144m███[48;5;16m▄[49;38;5;16m▄[39m                 [00m
      [48;5;16;38;5;16m█[48;5;231;38;5;144m▄[48;5;144m█[48;5;16m▄[49;38;5;16m▄▄[39m                    [38;5;16m▀[48;5;231m▄[38;5;231m██[48;5;144m▄[38;5;144m██[38;5;231m▄[48;5;16;38;5;144m▄[49;38;5;16m▄[39m                [00m
   [48;5;144;38;5;16m▄[48;5;16;38;5;231m▄▄[48;5;144;38;5;144m██[48;5;16m▄[48;5;231;38;5;16m▄▄[49m▀[39m                   [38;5;16m▄[48;5;16;38;5;231m▄▄▄[48;5;231;38;5;144m▄[38;5;231m█[48;5;144;38;5;144m██[38;5;231m▄[48;5;231;38;5;144m▄[48;5;16;38;5;231m▄▄[49;38;5;16m▄[39m              [00m
    [38;5;16m▀[48;5;231m▄[38;5;144m▄[48;5;144m███[48;5;16;38;5;16m█[49;39m                     [38;5;16m▀[48;5;231m▄[38;5;144m▄[48;5;144;38;5;231m▄[48;5;231m██[48;5;144;38;5;144m██[48;5;231m▄[48;5;16;38;5;231m▄[38;5;16m█[49;39m               [00m
     [48;5;16;38;5;16m█[48;5;231;38;5;231m█[48;5;144;38;5;144m████[48;5;16m▄[49;38;5;16m▄▄[38;5;144m▄[39m       [38;5;95m▄[38;5;16m▄▄[48;5;16;38;5;95m▄▄▄▄▄[49;38;5;16m▄▄▄[48;5;16m█[48;5;231;38;5;231m████[48;5;144;38;5;144m██[48;5;231m▄[48;5;144m█[48;5;16;38;5;16m█[49;39m               [00m
     [48;5;16;38;5;16m█[48;5;231;38;5;231m██[48;5;144;38;5;144m███[48;5;16;38;5;16m█[48;5;231;38;5;231m█[38;5;16m▄[49m▀[39m    [38;5;16m▄[48;5;95;38;5;231m▄[48;5;16m▄[48;5;231m███[48;5;95m▄[38;5;95m██████[48;5;16;38;5;16m█[48;5;231;38;5;231m████[38;5;144m▄[48;5;144m████[48;5;16;38;5;16m█[49;39m               [00m
     [38;5;144m▀[48;5;231;38;5;16m▄[38;5;231m█[48;5;144m▄[38;5;144m███[38;5;231m▄[48;5;231;38;5;144m▄[48;5;16;38;5;231m▄[49;38;5;16m▄▄[38;5;95m▄[48;5;16;38;5;231m▄[48;5;231m██████[38;5;95m▄[48;5;95m██████[48;5;16;38;5;16m█[48;5;231;38;5;231m████[48;5;144;38;5;144m████[48;5;16;38;5;231m▄▄[49;38;5;16m▄[39m              [00m
      [48;5;16;38;5;144m▄[48;5;231;38;5;231m██[48;5;144m▄[38;5;144m███[48;5;231m▄[48;5;144;38;5;231m▄[48;5;231;38;5;144m▄[48;5;144;38;5;16m▄[48;5;16;38;5;231m▄[48;5;231m███[38;5;95m▄[38;5;231m█[38;5;95m▄[48;5;95;38;5;231m▄[48;5;231;38;5;95m▄[48;5;95m███████[48;5;231;38;5;16m▄[38;5;144m▄[38;5;231m█[48;5;144;38;5;144m████[48;5;16;38;5;16m█[49m▀▀[39m               [00m
       [48;5;16;38;5;16m█[48;5;231;38;5;231m██[48;5;144m▄[38;5;144m██[38;5;16m▄[38;5;144m██[48;5;16;38;5;231m▄[48;5;231m█[38;5;95m▄[48;5;95m██[48;5;231m▄[48;5;95m█[48;5;231m▄[48;5;95m██████[38;5;16m▄[48;5;16;38;5;231m▄[38;5;16m█[48;5;95;38;5;95m█[48;5;16m▄[48;5;144m▄[38;5;16m▄▄▄[48;5;16;38;5;95m▄[48;5;95m█[48;5;16;38;5;16m█[49;39m                [00m
      [48;5;16;38;5;16m█[48;5;231m▄[48;5;144m▄[48;5;231m▄[38;5;231m██[48;5;16m▄[48;5;231;38;5;16m▄[48;5;144;38;5;144m█[48;5;16;38;5;16m█[48;5;231;38;5;231m█[38;5;16m▄[48;5;95m▄▄[38;5;95m███████[38;5;16m▄[38;5;231m▄[48;5;16;38;5;16m█[48;5;231;38;5;231m██[48;5;16;38;5;95m▄[48;5;95m████████[48;5;16m▄[49;38;5;16m▄[39m               [00m
          [38;5;16m▀[48;5;231m▄▄[38;5;231m█[48;5;144;38;5;144m█[48;5;16m▄[48;5;231;38;5;231m██[48;5;16;38;5;95m▄[48;5;231;38;5;231m█[48;5;16;38;5;16m█[38;5;231m▄[48;5;95;38;5;95m████[38;5;16m▄▄[38;5;95m█████████████[38;5;16m▄[48;5;16m█[38;5;95m▄▄[49;38;5;16m▄▄[39m           [00m
             [38;5;16m▀▀[48;5;144m▄[48;5;231m▄[38;5;231m██[48;5;95;38;5;95m███[38;5;16m▄[48;5;16;38;5;231m▄▄[38;5;16m█[48;5;231m▄[38;5;144m▄[48;5;16;38;5;231m▄[48;5;95;38;5;16m▄[38;5;95m█████████[38;5;16m▄[48;5;16;38;5;231m▄[48;5;231m██[48;5;95m▄[38;5;95m███[48;5;16;38;5;16m█[49m▄[39m         [00m
                [48;5;16;38;5;16m█[48;5;231;38;5;231m██[38;5;95m▄[48;5;95;38;5;231m▄[38;5;95m█[48;5;16;38;5;16m█[48;5;144;38;5;231m▄[48;5;16m▄▄[48;5;231;38;5;16m▄▄[38;5;144m▄[48;5;16;38;5;231m▄[48;5;95;38;5;16m▄▄▄[38;5;95m████[38;5;16m▄▄[48;5;16m█[48;5;95;38;5;95m█[48;5;231m▄▄[48;5;95m███[48;5;16;38;5;16m█[48;5;95;38;5;95m██[48;5;16m▄▄[49;38;5;16m▄▄▄[39m    [00m
                 [48;5;16;38;5;16m█[48;5;231m▄[38;5;231m█[48;5;95m▄[38;5;95m██[48;5;231;38;5;16m▄[48;5;144;38;5;231m▄[48;5;16m▄[38;5;16m█[48;5;231m▄▄[38;5;144m▄[48;5;16;38;5;16m█[48;5;95;38;5;95m██[48;5;16m▄▄▄▄[48;5;95m██[48;5;16m▄[48;5;95;38;5;16m▄[38;5;95m█████[38;5;16m▄[49m▀▀[48;5;95m▄▄▄[48;5;16;38;5;95m▄[48;5;95m█[48;5;16;38;5;16m█[49;39m   [00m
                [48;5;16;38;5;16m█[48;5;95;38;5;95m██[48;5;16m▄[38;5;16m█[38;5;231m▄[38;5;95m▄▄[48;5;144;38;5;16m▄[38;5;231m▄[48;5;231;38;5;16m▄[48;5;16m█[48;5;231m▄▄[48;5;16;38;5;95m▄[48;5;95m██████████[48;5;16m▄▄[48;5;95;38;5;16m▄[48;5;16m█[49m▀[39m    [38;5;16m▀[48;5;231m▄[48;5;95;38;5;231m▄[38;5;95m█[48;5;16m▄[49m▄[39m  [00m
                [38;5;95m▀[48;5;95;38;5;16m▄[38;5;95m█[38;5;16m▄[48;5;16m█[48;5;231m▄[38;5;231m█[48;5;95m▄[38;5;95m█████[38;5;16m▄▄▄▄▄[38;5;95m█████[38;5;16m▄▄▄[48;5;16;38;5;95m▄▄[38;5;16m█[49;39m      [48;5;16;38;5;16m█[48;5;231;38;5;231m█[48;5;95m▄[38;5;95m█[48;5;16;38;5;16m█[49;39m  [00m
                  [48;5;16;38;5;16m█[48;5;95;38;5;231m▄[38;5;95m█[48;5;16;38;5;16m█[49m▀[48;5;231m▄▄[48;5;95m▄[48;5;16;38;5;95m▄▄▄[48;5;95m█████[48;5;16m▄▄▄▄[38;5;16m█[48;5;95m▄[48;5;16;38;5;95m▄▄▄[48;5;95;38;5;16m▄[48;5;16m█[49;39m       [48;5;16;38;5;16m█[48;5;231;38;5;231m█[48;5;95;38;5;95m██[48;5;16;38;5;16m█[49;39m [00m
                [38;5;95m▄[48;5;16;38;5;16m█[48;5;231m▄[48;5;95;38;5;95m█[48;5;16;38;5;16m█[49;39m  [38;5;16m▄[48;5;16;38;5;95m▄[48;5;231;38;5;16m▄[48;5;95;38;5;231m▄[48;5;231;38;5;95m▄[48;5;95;38;5;231m▄[38;5;95m█[38;5;16m▄▄▄▄[38;5;95m██[38;5;16m▄[48;5;16;38;5;231m▄[48;5;231m██[38;5;95m▄[48;5;95m████[48;5;16;38;5;16m█[49;39m     [38;5;16m▄[48;5;16m█[48;5;95m▄▄[38;5;95m█[48;5;16;38;5;16m█[49;39m [00m
        [38;5;16m▄▄▄[48;5;95;38;5;95m█[48;5;16;38;5;231m▄▄▄▄[48;5;231m█[38;5;95m▄[48;5;95m█[48;5;16;38;5;16m█[49;39m  [48;5;16;38;5;16m█[48;5;231;38;5;231m█[38;5;95m▄[48;5;95m█[48;5;16m▄[48;5;95;38;5;16m▄[48;5;16m█[38;5;95m▄[48;5;95m████[48;5;16m▄[38;5;16m█[38;5;95m▄[48;5;231m▄[48;5;16;38;5;231m▄▄[38;5;95m▄[48;5;95;38;5;16m▄▄[38;5;95m███[48;5;16;38;5;16m█[49;39m   [38;5;16m▄[48;5;16;38;5;231m▄[48;5;231m█[38;5;95m▄[48;5;95m█[48;5;16m▄[38;5;16m█[49;39m [00m
     [38;5;16m▄[48;5;16;38;5;231m▄▄[48;5;95;38;5;16m▄[38;5;95m█[48;5;16m▄▄[48;5;95;38;5;16m▄[38;5;95m████[38;5;16m▄[49m▀[39m   [38;5;16m▀[48;5;95m▄▄[38;5;95m███[38;5;16m▄[48;5;16m█[38;5;95m▄[48;5;95;38;5;16m▄▄▄▄[48;5;16;38;5;231m▄[48;5;231m███[38;5;95m▄[48;5;95m███[48;5;16m▄[48;5;95;38;5;16m▄[48;5;16m█[49;39m  [38;5;16m▄[48;5;95;38;5;95m█[48;5;231;38;5;16m▄▄[48;5;95;38;5;95m█████[48;5;16;38;5;16m█[49;39m[00m
    [48;5;16;38;5;16m█[48;5;231;38;5;231m█[38;5;144m▄[48;5;144;38;5;16m▄[48;5;16;38;5;95m▄[48;5;95m█[38;5;16m▄▄[48;5;16m█[48;5;95m▄▄[49m▀▀[39m      [38;5;16m▀[48;5;95m▄[48;5;16m█[38;5;95m▄▄[48;5;95m█[38;5;16m▄▄[49m▀[39m  [48;5;16;38;5;16m█[48;5;231m▄▄[38;5;95m▄▄[48;5;95m███[38;5;16m▄▄[38;5;95m█[48;5;16;38;5;16m█[49;39m  [38;5;16m▀[48;5;231m▄[48;5;16;38;5;231m▄[48;5;231;38;5;144m▄[48;5;16;38;5;16m█[49m▀[48;5;95m▄[38;5;231m▄[38;5;144m▄[48;5;16;38;5;16m█[49;39m[00m
    [38;5;16m▀[48;5;231m▄[48;5;16m█[38;5;144m▄[48;5;95;38;5;16m▄▄[48;5;16;38;5;144m▄[48;5;231;38;5;231m█[48;5;16;38;5;16m█[49;39m          [48;5;16;38;5;16m█[48;5;231m▄[48;5;144m▄[49m▀▀▀[48;5;144m▄▄[48;5;16m█[49m▄[48;5;16;38;5;231m▄[48;5;231m█[38;5;144m▄[48;5;16;38;5;16m█[48;5;95;38;5;95m███[38;5;16m▄[48;5;16m█[48;5;144;38;5;231m▄[48;5;16m▄[38;5;144m▄[38;5;16m█[49;39m   [48;5;16;38;5;16m█[48;5;231m▄[49m▀[39m [38;5;16m▄[48;5;16;38;5;231m▄[48;5;231;38;5;144m▄[48;5;16;38;5;16m█[49;39m [00m
      [38;5;16m▀[48;5;144m▄[48;5;16m█[49;39m [38;5;16m▀▀[39m                    [48;5;16;38;5;16m█[48;5;231m▄[48;5;144m▄[49m▀[39m [38;5;16m▀[48;5;95m▄▄[48;5;16m█[38;5;144m▄[48;5;231;38;5;16m▄[38;5;144m▄▄[48;5;144m█[48;5;16;38;5;16m█[49;39m      [38;5;16m▀▀▀[39m  [00m
                                           [38;5;16m▀▀▀[39m            [00m
                                                          [00m
