   [48;5;88;38;5;88m█[48;5;231;38;5;231m█[48;5;16m▄[49;38;5;16m▄[39m        [38;5;16m▄[48;5;16;38;5;231m▄[48;5;231m█[38;5;141m▄[48;5;141m█[48;5;16;38;5;16m█[49;39m                       [38;5;16m▄[38;5;88m▄[48;5;16;38;5;231m▄[48;5;88m▄[48;5;231m███[38;5;141m▄▄[48;5;141;38;5;16m▄▄[49m▀[39m [00m
    [48;5;16;38;5;88m▄[48;5;231;38;5;231m██[48;5;16;38;5;141m▄[49;38;5;16m▄[39m     [48;5;16;38;5;88m▄[48;5;231;38;5;231m██[48;5;141;38;5;141m██[38;5;16m▄[49m▀[39m                   [38;5;16m▄[38;5;88m▄[48;5;16;38;5;231m▄[48;5;88m▄[48;5;231;38;5;141m▄[38;5;231m███[38;5;141m▄▄[48;5;141;38;5;16m▄[49m▀▀[39m    [00m
     [48;5;16;38;5;88m▄[48;5;231;38;5;231m██[38;5;141m▄[48;5;16;38;5;231m▄[49;38;5;16m▄[39m  [48;5;16;38;5;88m▄[48;5;231;38;5;231m██[48;5;141;38;5;141m███[48;5;16;38;5;16m█[49;39m                [38;5;16m▄▄[48;5;16;38;5;231m▄▄[48;5;231;38;5;141m▄▄[48;5;141m█████[38;5;16m▄▄[49m▀▄▄▄▄▄▄[39m [00m
    [38;5;16m▄▄[48;5;16m█[48;5;141;38;5;231m▄[48;5;231;38;5;141m▄[48;5;141m██[49;38;5;16m▄[48;5;16;38;5;88m▄[48;5;231;38;5;231m██[48;5;141;38;5;141m█████[48;5;16m▄▄[49;38;5;16m▄▄[39m          [38;5;16m▄[48;5;16;38;5;231m▄[48;5;231m█[48;5;141m▄[48;5;231;38;5;141m▄[48;5;141;38;5;231m▄[48;5;231;38;5;141m▄[48;5;141;38;5;231m▄[38;5;141m██[38;5;16m▄▄[48;5;16;38;5;88m▄▄▄▄[48;5;88m█████[38;5;16m▄[49m▀[39m[00m
   [38;5;16m▀[48;5;88m▄[38;5;141m▄[38;5;88m█[48;5;16m▄[48;5;141;38;5;16m▄[38;5;141m██[48;5;16;38;5;16m█[48;5;88;38;5;88m█[48;5;231;38;5;141m▄[48;5;141m█████[38;5;231m▄▄[38;5;16m▄[48;5;231m▄▄[49m▀[39m       [38;5;16m▄[48;5;16;38;5;231m▄[48;5;231m█████[48;5;141m▄[48;5;231;38;5;141m▄[48;5;141m█[38;5;16m▄[48;5;16;38;5;88m▄▄[48;5;88m██████[38;5;141m▄[38;5;16m▄[49m▀▀[39m  [00m
     [38;5;16m▀[48;5;141m▄[48;5;88;38;5;88m██[48;5;16;38;5;16m█[38;5;231m▄[48;5;231m██[38;5;141m▄[48;5;141m███[38;5;16m▄[48;5;231m▄[48;5;16;38;5;141m▄▄▄[49;38;5;16m▄[39m        [38;5;16m▄[48;5;16;38;5;231m▄[48;5;231m█████[38;5;141m▄[48;5;141m█[38;5;16m▄[48;5;16;38;5;88m▄[48;5;88m██████[38;5;141m▄[38;5;16m▄[49m▀▀[39m     [00m
    [38;5;16m▄[48;5;16;38;5;88m▄[48;5;88m█[48;5;16;38;5;16m█[38;5;231m▄[48;5;231m██[38;5;141m▄[48;5;141m███[38;5;88m▄[48;5;16;38;5;231m▄[38;5;88m▄[48;5;141;38;5;141m████[48;5;16;38;5;16m█[49;39m        [48;5;16;38;5;88m▄[48;5;231;38;5;231m████[38;5;141m▄[48;5;141m█[38;5;16m▄[48;5;16;38;5;88m▄[48;5;88m█████[38;5;141m▄[38;5;16m▄[48;5;141m▄[48;5;16;38;5;88m▄▄▄▄▄[49;38;5;16m▄▄▄[39m [00m
     [38;5;16m▀[48;5;88m▄[48;5;231;38;5;231m██[38;5;141m▄[48;5;141m███[38;5;16m▄[48;5;16;38;5;231m▄[38;5;16m█[48;5;231;38;5;88m▄[48;5;88;38;5;141m▄[48;5;141m███[48;5;16;38;5;16m█[49m▀[39m       [48;5;16;38;5;88m▄[48;5;231;38;5;141m▄[38;5;231m██[38;5;141m▄[48;5;141m█[38;5;16m▄[48;5;16;38;5;88m▄[48;5;88m██████[38;5;16m▄[48;5;16;38;5;88m▄[48;5;88m████████[38;5;16m▄▄[49m▀[39m[00m
     [48;5;88;38;5;88m█[48;5;231;38;5;231m██[38;5;141m▄[48;5;141m███[38;5;16m▄[48;5;16;38;5;141m▄▄[48;5;88;38;5;16m▄[48;5;141m▄▄[48;5;16;38;5;141m▄[48;5;141m██[48;5;16;38;5;16m█[49;39m       [48;5;16;38;5;16m█[48;5;141;38;5;231m▄[48;5;231;38;5;141m▄[48;5;141;38;5;231m▄[38;5;141m█[38;5;16m▄[48;5;16;38;5;88m▄[48;5;88m████[38;5;141m▄[48;5;141;38;5;16m▄[48;5;16;38;5;88m▄▄[48;5;88m███████[38;5;16m▄[49m▀▀[39m   [00m
    [48;5;88;38;5;88m█[48;5;231;38;5;231m██[48;5;141;38;5;141m█[38;5;16m▄▄[48;5;16;38;5;88m▄[38;5;16m█[48;5;141m▄[38;5;141m███[38;5;16m▄▄[48;5;16;38;5;141m▄[48;5;141;38;5;16m▄[38;5;141m██[48;5;16;38;5;16m█[49m▄[39m     [48;5;16;38;5;16m█[48;5;141;38;5;231m▄[48;5;231;38;5;141m▄[48;5;141;38;5;231m▄[48;5;16;38;5;16m█[38;5;88m▄[48;5;88m███[38;5;141m▄[48;5;141;38;5;16m▄[48;5;16;38;5;88m▄[48;5;88m████[38;5;141m▄▄[38;5;16m▄[48;5;141m▄[48;5;16;38;5;88m▄▄▄▄[49;38;5;16m▄▄▄[39m [00m
    [48;5;88;38;5;16m▄[48;5;231m▄[48;5;141m▄[49m▀▀[48;5;88m▄▄[38;5;141m▄[38;5;88m█[48;5;16m▄▄[38;5;16m█[48;5;141;38;5;141m██[38;5;16m▄[48;5;16;38;5;141m▄[48;5;141;38;5;16m▄[48;5;16;38;5;141m▄[48;5;141;38;5;16m▄[48;5;16m█[38;5;141m▄[49;38;5;16m▄[39m  [48;5;16;38;5;16m█[48;5;231;38;5;141m▄[48;5;141;38;5;231m▄[48;5;231;38;5;141m▄[48;5;16;38;5;16m█[48;5;88;38;5;88m███[38;5;141m▄[48;5;141;38;5;16m▄[48;5;16;38;5;88m▄[48;5;88m████[48;5;141;38;5;16m▄▄[48;5;16;38;5;88m▄▄[48;5;88m██████[38;5;141m▄▄[38;5;16m▄[48;5;16m█[49;39m[00m
       [38;5;16m▄[48;5;16;38;5;88m▄▄[48;5;88m█[48;5;16m▄▄[48;5;141;38;5;16m▄[48;5;88m▄[38;5;88m█[48;5;16m▄[48;5;141;38;5;16m▄[48;5;16m██[48;5;141m▄[48;5;16m█[38;5;141m▄[48;5;141;38;5;16m▄[48;5;16m█[38;5;141m▄[38;5;16m█[49m▄[48;5;16m█[48;5;141;38;5;141m██[48;5;16;38;5;16m█[48;5;88;38;5;88m███[38;5;16m▄[48;5;16;38;5;88m▄[48;5;88m██[38;5;141m▄[48;5;141;38;5;16m▄[48;5;16;38;5;88m▄▄[48;5;88m██[38;5;141m▄▄[38;5;88m█[38;5;16m▄[48;5;141m▄▄[48;5;88m▄[49m▀▀▀[39m  [00m
        [38;5;16m▀▀[48;5;141m▄[48;5;88m▄▄[38;5;141m▄[38;5;88m█[48;5;16m▄▄[48;5;88;38;5;16m▄[48;5;16m█[48;5;141m▄[48;5;16;38;5;231m▄[48;5;141;38;5;16m▄[48;5;16m█[38;5;141m▄[48;5;141;38;5;16m▄[48;5;16m██[48;5;88;38;5;141m▄[48;5;16;38;5;16m█[48;5;141;38;5;141m█[48;5;16;38;5;16m█[48;5;88;38;5;88m██[38;5;16m▄[48;5;16;38;5;88m▄[48;5;88m█[38;5;16m▄[48;5;141m▄[48;5;16;38;5;88m▄▄[48;5;88m█[38;5;16m▄▄▄[49m▀▀▀▀[39m         [00m
             [38;5;16m▀▀▀[48;5;88m▄▄[48;5;16m█[38;5;141m▄[38;5;16m█[38;5;231m▄[48;5;141;38;5;16m▄[48;5;16m██[38;5;141m▄[48;5;141m██[48;5;16m▄[48;5;141;38;5;16m▄[48;5;16;38;5;141m▄[48;5;88m▄[48;5;16m▄[48;5;141m█[48;5;16;38;5;16m██[48;5;88m▄[48;5;16m█[49m▀▀▀[39m                [00m
                  [38;5;16m▀[48;5;16m█[48;5;231m▄[48;5;16m███[48;5;88;38;5;141m▄[48;5;141m████[38;5;231m▄▄▄▄▄[38;5;141m████[48;5;16m▄[49;38;5;16m▄[39m                 [00m
                   [48;5;16;38;5;16m█[38;5;141m▄[38;5;16m█[38;5;141m▄[48;5;141m████[48;5;231;38;5;231m████████[48;5;141m▄[48;5;231;38;5;141m▄[48;5;141;38;5;231m▄[38;5;141m██[48;5;16;38;5;16m█[49;39m                [00m
                    [48;5;16;38;5;16m█[48;5;141;38;5;231m▄[48;5;231m█[48;5;141;38;5;141m███[48;5;231;38;5;231m█████[38;5;88m▄▄[38;5;231m██[48;5;141m▄[48;5;231;38;5;141m▄[48;5;141;38;5;231m▄[48;5;231;38;5;141m▄[48;5;141m██[48;5;16;38;5;16m█[49;39m               [00m
                    [38;5;16m▀[48;5;231m▄[38;5;231m██[48;5;141;38;5;141m██[48;5;231;38;5;231m████[48;5;88;38;5;88m█[48;5;231;38;5;231m██[48;5;88m▄[38;5;141m▄[48;5;141;38;5;16m▄[48;5;231m▄[48;5;141;38;5;231m▄[48;5;231;38;5;141m▄[48;5;141m██[48;5;16;38;5;16m█[49;39m               [00m
                     [38;5;16m▀[48;5;231m▄[38;5;141m▄[48;5;141;38;5;231m▄[38;5;141m██[48;5;231m▄[38;5;231m█[48;5;88;38;5;88m█[48;5;231;38;5;231m█[38;5;141m▄[48;5;141m█████[48;5;16m▄[48;5;141;38;5;16m▄[38;5;141m█[38;5;88m▄[48;5;16;38;5;16m██[38;5;141m▄[48;5;88m▄[48;5;141;38;5;88m▄[49m▄[39m          [00m
                      [48;5;16;38;5;16m█[38;5;141m▄[48;5;231;38;5;16m▄[48;5;141;38;5;231m▄[38;5;141m███[48;5;16;38;5;16m█[48;5;231;38;5;141m▄[48;5;141m██[38;5;16m▄▄[38;5;141m████[48;5;16;38;5;16m█[48;5;141m▄[48;5;16m█████[48;5;141m▄[49;38;5;88m▄[39m         [00m
           [38;5;88m▄▄▄[39m       [48;5;16;38;5;16m█[48;5;231;38;5;231m█[48;5;141;38;5;141m██[48;5;16;38;5;16m█[48;5;141m▄[38;5;141m███[48;5;16;38;5;16m█[48;5;141;38;5;141m█[48;5;16;38;5;16m█[48;5;231;38;5;231m█[48;5;141;38;5;141m█[48;5;16m▄[48;5;141;38;5;16m▄[38;5;141m██[48;5;16;38;5;16m█████[38;5;88m▄[38;5;16m███[49;38;5;88m▄[39m        [00m
           [38;5;88m▀[48;5;231;38;5;16m▄▄[48;5;88;38;5;231m▄[48;5;16;38;5;141m▄[49;38;5;16m▄[39m   [38;5;16m▄[48;5;16;38;5;231m▄[48;5;141;38;5;16m▄▄[49m▀[39m  [38;5;16m▀▀[48;5;141m▄▄[48;5;16m██[48;5;88m▄[38;5;231m▄[48;5;141;38;5;88m▄[48;5;16;38;5;16m█[48;5;141m▄[49m▀[39m [48;5;16;38;5;16m███[48;5;88;38;5;88m█[49;38;5;16m▀[48;5;16;38;5;88m▄[38;5;16m█[48;5;141m▄[48;5;16m█[49;38;5;88m▄[39m       [00m
            [38;5;88m▄[38;5;16m▄[48;5;16m█[48;5;141m▄[38;5;141m█[48;5;16;38;5;16m█[38;5;141m▄▄[38;5;16m██[49m▀[39m        [38;5;88m▄[38;5;16m▄[48;5;16m█[48;5;88;38;5;141m▄[48;5;16;38;5;16m█[49m▄▄[48;5;16;38;5;231m▄▄[49;38;5;16m▄▀[48;5;16m██[49;39m [48;5;16;38;5;88m▄[38;5;16m██[48;5;141m▄[48;5;16;38;5;141m▄[49;38;5;16m▄[39m      [00m
         [38;5;88m▄[48;5;88;38;5;231m▄[48;5;16m▄[48;5;231m█[38;5;141m▄[48;5;16;38;5;16m████████[49;39m       [38;5;16m▄[48;5;16;38;5;231m▄▄[48;5;231;38;5;141m▄[48;5;16m▄[38;5;16m███[48;5;141m▄[48;5;231;38;5;231m██[48;5;141;38;5;141m█[48;5;16;38;5;16m█[49;39m    [38;5;88m▀[38;5;16m▀[48;5;16m██[48;5;141m▄[48;5;16;38;5;141m▄[49;38;5;16m▄[39m    [00m
        [48;5;88;38;5;88m█[48;5;141;38;5;16m▄▄[49m▀▀▀[39m [38;5;16m▀▀[48;5;16m███[48;5;88;38;5;141m▄[48;5;141m█[48;5;16;38;5;16m█[49;39m      [48;5;16;38;5;16m█[48;5;231;38;5;231m█[48;5;141;38;5;16m▄▄[48;5;16m██████[48;5;231;38;5;141m▄[48;5;16;38;5;16m█[49;39m        [38;5;88m▀[38;5;16m▀[48;5;16m█[48;5;141m▄[48;5;16;38;5;88m▄[49;39m   [00m
                    [48;5;16;38;5;16m█[48;5;231;38;5;231m█[48;5;16;38;5;16m█[49;39m       [38;5;16m▀[39m  [38;5;16m▀[48;5;16m██[38;5;231m▄[38;5;16m█[49m▀▀[39m                 [00m
                     [38;5;16m▀[39m             [38;5;16m▀[48;5;231m▄[49m▀[39m                   [00m
                                                         [00m
