                  [38;5;124m▄[38;5;16m▄[39m  [48;5;124;38;5;124m█[48;5;231;38;5;231m██[48;5;16m▄[49;38;5;16m▄[38;5;124m▄[48;5;124;38;5;231m▄[48;5;231m██[48;5;124m▄[49;38;5;124m▄[39m [38;5;16m▄[48;5;16;38;5;231m▄▄[49;38;5;16m▄[39m           [00m
                 [48;5;124;38;5;124m█[48;5;231;38;5;231m██[48;5;16m▄▄[38;5;124m▄[48;5;231;38;5;231m████[48;5;16m▄[48;5;231m████[48;5;124m▄[48;5;16m▄[48;5;231;38;5;211m▄[38;5;231m█[38;5;211m▄[48;5;16;38;5;16m█[49;39m  [38;5;124m▄[38;5;16m▄[39m       [00m
                  [38;5;124m▀[48;5;231;38;5;16m▄[38;5;211m▄[38;5;231m██████[38;5;16m▄[48;5;16;38;5;231m▄[38;5;124m▄▄[48;5;231;38;5;16m▄[38;5;231m█[48;5;211m▄[48;5;231;38;5;211m▄[48;5;211m███[48;5;16;38;5;231m▄▄[48;5;231;38;5;211m▄[48;5;211m█[48;5;16;38;5;16m█[49;39m      [00m
           [38;5;124m▄▄[39m      [38;5;16m▀[48;5;211m▄[38;5;211m█[48;5;231m▄▄[38;5;124m▄▄[38;5;231m█[48;5;16;38;5;16m█[38;5;124m▄[38;5;211m▄[48;5;211m█[48;5;16;38;5;16m█[48;5;231;38;5;231m█[48;5;211;38;5;211m███████[38;5;16m▄[49m▀[39m       [00m
          [48;5;16;38;5;16m█[48;5;231;38;5;231m██[48;5;124m▄[49;38;5;16m▄[39m     [48;5;16;38;5;16m█[38;5;124m▄[38;5;231m▄[48;5;124m▄[48;5;231m█[38;5;211m▄[48;5;211;38;5;231m▄[48;5;231;38;5;211m▄[48;5;16;38;5;231m▄▄▄[48;5;231;38;5;211m▄[48;5;211;38;5;231m▄[48;5;231;38;5;211m▄[48;5;124;38;5;231m▄[38;5;211m▄[48;5;211;38;5;16m▄[38;5;211m█[38;5;16m▄[49m▀[39m      [38;5;124m▄▄[39m [00m
          [38;5;124m▀[48;5;124;38;5;16m▄[48;5;231;38;5;231m███[48;5;16m▄[49;38;5;16m▄[38;5;124m▄[39m [48;5;16;38;5;124m▄[48;5;211;38;5;231m▄[48;5;231m█[38;5;16m▄▄▄[48;5;16;38;5;231m▄▄▄▄▄▄▄[48;5;211;38;5;16m▄[48;5;231m▄[48;5;211;38;5;231m▄[48;5;231;38;5;211m▄[48;5;211m█[48;5;16m▄[38;5;16m█[49;39m     [38;5;16m▄[48;5;124;38;5;231m▄[48;5;231m█[38;5;211m▄[48;5;16;38;5;16m█[49;39m[00m
           [38;5;16m▀[48;5;211m▄[48;5;231;38;5;231m█████[48;5;16m▄[48;5;211;38;5;16m▄[48;5;231m▄[48;5;16;38;5;231m▄[48;5;211m▄[48;5;231m███████████[48;5;16m▄▄[48;5;211;38;5;16m▄[38;5;211m██[48;5;16;38;5;16m█[49;39m [38;5;124m▄[38;5;16m▄[48;5;16;38;5;231m▄[48;5;231m██[38;5;211m▄[48;5;211;38;5;16m▄[49m▀[39m[00m
            [38;5;16m▀[48;5;211m▄[48;5;231;38;5;211m▄▄[38;5;231m███████[38;5;211m▄▄[38;5;124m▄[38;5;16m▄▄▄▄[38;5;124m▄[38;5;211m▄[38;5;231m█████[48;5;124m▄[48;5;16;38;5;16m█[38;5;231m▄▄[48;5;231m████[38;5;211m▄[48;5;211;38;5;16m▄[49m▀[39m [00m
              [38;5;16m▀[48;5;211m▄[38;5;211m█[48;5;231m▄▄▄▄[48;5;211;38;5;16m▄[48;5;124;38;5;231m▄▄[48;5;16m▄[48;5;211;38;5;16m▄[38;5;211m█████[48;5;124m▄▄[48;5;211;38;5;16m▄[48;5;231m▄[38;5;124m▄[38;5;231m█[48;5;211;38;5;211m█[48;5;231;38;5;231m████[38;5;211m▄[48;5;211m██[38;5;16m▄[49m▀[39m  [00m
              [38;5;211m▄[48;5;16;38;5;124m▄[48;5;211;38;5;211m██[38;5;16m▄[48;5;16;38;5;211m▄[38;5;16m█[48;5;231;38;5;231m██[48;5;16m▄[48;5;231m██[48;5;16;38;5;16m█[48;5;211;38;5;211m████[38;5;16m▄[48;5;16;38;5;231m▄[48;5;231m█[38;5;16m▄[38;5;231m█[48;5;16m▄[48;5;211;38;5;124m▄[38;5;211m████[38;5;16m▄▄[49m▀[39m    [00m
              [48;5;16;38;5;16m█[48;5;231;38;5;231m█[48;5;124;38;5;211m▄[48;5;16;38;5;16m█[48;5;124;38;5;211m▄[48;5;211m█[48;5;16m▄[48;5;231;38;5;124m▄[38;5;231m██[38;5;124m▄▄[48;5;16;38;5;16m█[48;5;211m▄▄▄[38;5;124m▄[48;5;16;38;5;16m█[48;5;231;38;5;231m█████[48;5;16;38;5;16m█[48;5;211m▄[38;5;211m█[48;5;124m▄[48;5;16m▄[38;5;16m█[49;39m      [00m
               [38;5;16m▀[48;5;231m▄[48;5;16m█[48;5;211;38;5;211m██[38;5;16m▄[48;5;16;38;5;211m▄[48;5;124;38;5;231m▄[48;5;16m▄[48;5;231m██[38;5;211m▄[38;5;231m███[48;5;16m▄▄▄[48;5;231;38;5;16m▄▄[38;5;231m█[38;5;16m▄[48;5;16;38;5;211m▄[48;5;211m█[48;5;16;38;5;16m█[48;5;211;38;5;211m█[48;5;16;38;5;16m█[49;39m       [00m
                [48;5;16;38;5;16m█[48;5;211;38;5;211m█[38;5;16m▄[48;5;16;38;5;231m▄[48;5;231m██████[48;5;124m▄[48;5;231m███[48;5;124m▄[48;5;231m████[48;5;16m▄[48;5;211;38;5;16m▄[38;5;211m██[48;5;16;38;5;16m█[49m▀[39m        [00m
            [38;5;16m▄▄[48;5;16;38;5;231m▄▄▄[48;5;211;38;5;16m▄[48;5;16;38;5;211m▄[48;5;231;38;5;16m▄[48;5;124;38;5;231m▄[48;5;231;38;5;16m▄▄[48;5;124;38;5;231m▄[48;5;16;38;5;211m▄[38;5;16m██[48;5;124m▄[48;5;211m▄[48;5;231m▄▄▄[38;5;124m▄[38;5;231m██[38;5;124m▄[38;5;231m█[48;5;16;38;5;16m█[48;5;124;38;5;124m█[48;5;16;38;5;16m█[49m▄▄▄[39m      [00m
          [38;5;124m▄[48;5;16;38;5;231m▄[48;5;231;38;5;124m▄▄[48;5;124m███[48;5;16m▄[48;5;211;38;5;16m▄[48;5;16;38;5;211m▄[48;5;231;38;5;16m▄[38;5;231m█[48;5;16m▄[38;5;16m█[38;5;124m▄[48;5;124m█████[48;5;16m▄[48;5;211;38;5;16m▄[48;5;231m▄[48;5;16m█[38;5;211m▄[48;5;211m█[38;5;16m▄[48;5;124;38;5;124m█[48;5;16;38;5;16m█[48;5;124;38;5;124m████[48;5;16m▄▄[49;38;5;16m▄[39m   [00m
          [48;5;16;38;5;16m█[48;5;124;38;5;124m████[38;5;231m▄▄[48;5;231m██[48;5;16m▄[48;5;211;38;5;16m▄[48;5;124;38;5;211m▄[48;5;231;38;5;16m▄[38;5;124m▄[48;5;16;38;5;231m▄▄[48;5;124;38;5;16m▄▄▄▄▄[48;5;16;38;5;211m▄▄[48;5;211m█[38;5;16m▄[48;5;16;38;5;124m▄[48;5;124;38;5;16m▄[48;5;16;38;5;211m▄[48;5;211;38;5;231m▄[38;5;211m█[38;5;231m▄[48;5;124;38;5;211m▄[38;5;231m▄[38;5;124m███[48;5;16;38;5;16m█[49;39m  [00m
           [38;5;16m▀[48;5;16m█[48;5;124m▄[48;5;231;38;5;231m████[38;5;124m▄[48;5;124m████[48;5;16m▄▄[48;5;124;38;5;16m▄[48;5;211m▄▄▄▄▄▄[48;5;16m██[38;5;124m▄▄[48;5;124m██[48;5;211m▄[48;5;231;38;5;211m▄[48;5;211;38;5;231m▄[48;5;231;38;5;211m▄[48;5;211;38;5;231m▄[48;5;231;38;5;211m▄[48;5;124;38;5;124m██[48;5;16;38;5;16m█[49;39m  [00m
            [38;5;16m▄[48;5;124;38;5;211m▄[48;5;16;38;5;124m▄▄[48;5;231;38;5;16m▄▄[48;5;124;38;5;124m████████[48;5;231;38;5;231m█████[48;5;211m▄[48;5;124;38;5;211m▄[38;5;124m███████[48;5;211;38;5;231m▄[48;5;231;38;5;211m▄[48;5;211;38;5;16m▄[48;5;16m█[49m▀▀[39m   [00m
           [38;5;16m▄[48;5;16;38;5;231m▄[48;5;211m▄[38;5;211m██[48;5;124m▄[38;5;16m▄[48;5;16;38;5;211m▄[48;5;124;38;5;16m▄▄[38;5;124m████[48;5;231;38;5;231m████████[48;5;124m▄[38;5;124m███[38;5;16m▄▄[48;5;16;38;5;124m▄▄▄[38;5;16m█[49;39m      [00m
           [48;5;16;38;5;16m█[48;5;231;38;5;231m██[48;5;211;38;5;211m██[38;5;124m▄[48;5;16;38;5;231m▄[48;5;231;38;5;211m▄[48;5;211;38;5;231m▄[48;5;231;38;5;211m▄[48;5;16m▄▄▄▄[48;5;231;38;5;16m▄▄▄▄[48;5;16;38;5;211m▄▄▄[48;5;231;38;5;16m▄▄[48;5;124m▄[48;5;16;38;5;124m▄▄[38;5;16m█[48;5;124;38;5;124m██[38;5;211m▄[48;5;211m██[48;5;16;38;5;16m█[49;39m     [00m
            [38;5;16m▀[48;5;211m▄[38;5;211m██[48;5;16;38;5;16m█[48;5;211;38;5;124m▄[48;5;231;38;5;211m▄[48;5;211;38;5;231m▄[38;5;211m█████████████████[48;5;16m▄[48;5;124;38;5;16m▄[48;5;211;38;5;211m███[38;5;16m▄[49m▀[39m     [00m
   [38;5;16m▄[48;5;16;38;5;231m▄▄[49;38;5;16m▄▄▄[39m    [38;5;16m▄[48;5;16;38;5;211m▄▄[38;5;16m█[48;5;231;38;5;231m█[48;5;124m▄[48;5;211;38;5;124m▄▄▄[38;5;211m███████████████[38;5;124m▄[48;5;16;38;5;16m█[38;5;211m▄[48;5;211;38;5;16m▄▄[49m▀[39m      [00m
   [38;5;16m▀[48;5;231m▄[38;5;211m▄[38;5;231m█[48;5;211m▄[38;5;211m█[48;5;16m▄▄▄[38;5;16m█[48;5;231;38;5;231m██[48;5;211m▄[48;5;16;38;5;16m█[48;5;231;38;5;124m▄[38;5;231m████[48;5;124m▄▄▄[48;5;211;38;5;124m▄▄▄▄▄▄▄▄[48;5;124;38;5;231m▄▄▄▄[48;5;231m█[48;5;16;38;5;16m█[48;5;211;38;5;211m█[38;5;231m▄▄[48;5;16;38;5;211m▄[49;38;5;16m▄[39m     [00m
    [38;5;16m▀[48;5;211m▄[38;5;211m█████[48;5;16;38;5;16m█[48;5;231;38;5;211m▄[38;5;231m██[38;5;211m▄[48;5;211m█[48;5;16;38;5;16m█[48;5;124;38;5;231m▄[48;5;231;38;5;124m▄▄[38;5;231m██████████████[38;5;124m▄▄[38;5;16m▄[48;5;16;38;5;211m▄[48;5;231;38;5;231m████[48;5;16;38;5;211m▄[49;38;5;16m▄[39m    [00m
      [38;5;16m▀[48;5;211m▄▄[38;5;211m█[38;5;124m▄[48;5;16m▄[48;5;211;38;5;16m▄[38;5;211m█████[48;5;16m▄[48;5;231;38;5;16m▄[38;5;231m█[48;5;124m▄▄▄[48;5;231;38;5;124m▄▄▄▄▄▄▄▄▄[48;5;124;38;5;231m▄▄[48;5;231m█[38;5;16m▄[48;5;16;38;5;211m▄[48;5;211m██[48;5;231m▄▄[48;5;211m██[48;5;16;38;5;16m█[49;39m    [00m
         [38;5;16m▀▀[48;5;124m▄[48;5;16m█[48;5;124;38;5;231m▄▄[48;5;211;38;5;124m▄[38;5;211m████[48;5;16m▄▄[48;5;231;38;5;16m▄▄▄[38;5;231m███████[38;5;16m▄▄[48;5;16m█[38;5;124m▄[48;5;124m█[48;5;211m▄[38;5;211m█[38;5;124m▄▄▄[38;5;16m▄[49m▀[39m     [00m
           [38;5;16m▀[48;5;231m▄▄▄▄[48;5;124m▄[48;5;211m▄[49m▀▀▀▀[48;5;124m▄▄▄▄▄▄▄▄[49m▀▀[39m   [38;5;16m▀▀[48;5;124m▄▄[48;5;231m▄▄▄▄[49m▀[39m     [00m
                                                 [00m
