         [38;5;16m▄[48;5;16;38;5;231m▄▄▄▄[48;5;221;38;5;16m▄▄[38;5;221m██[48;5;16m▄[49;38;5;16m▄[48;5;16;38;5;221m▄[48;5;221m██[38;5;16m▄▄[48;5;16;38;5;231m▄▄▄[49;38;5;16m▄[39m       [00m
          [38;5;16m▀▀[48;5;231m▄[48;5;221m▄[38;5;221m██[48;5;16m▄▄[48;5;221m███[48;5;16m▄▄[48;5;221m██[48;5;231;38;5;16m▄[49m▀▀[39m        [00m
           [38;5;133m▄[38;5;16m▄[48;5;16;38;5;221m▄[48;5;133m▄[48;5;221;38;5;16m▄[38;5;221m███[48;5;16m▄[48;5;221m███[38;5;133m▄[48;5;16;38;5;221m▄▄[49;38;5;16m▄▄[39m        [00m
        [38;5;133m▄[48;5;133;38;5;231m▄[48;5;16m▄[48;5;231m██[48;5;221m▄[38;5;221m██[48;5;133m▄[48;5;221m█████[48;5;16m▄[48;5;221m█[38;5;231m▄[38;5;221m█[38;5;231m▄▄[48;5;16m▄[48;5;133m▄[49;38;5;133m▄[39m     [00m
      [38;5;16m▄[48;5;16;38;5;221m▄[48;5;231;38;5;231m██[38;5;16m▄[38;5;231m█████[48;5;221m▄▄▄▄▄▄▄[48;5;231;38;5;221m▄[48;5;221;38;5;231m▄[48;5;231m█[48;5;221;38;5;16m▄[48;5;231;38;5;231m████[48;5;16m▄[49;38;5;16m▄[39m   [00m
     [48;5;16;38;5;133m▄[48;5;221;38;5;231m▄[48;5;231;38;5;221m▄[48;5;221;38;5;231m▄[48;5;16;38;5;16m█[48;5;231;38;5;231m███[38;5;133m▄[48;5;133;38;5;231m▄[48;5;231m███████[48;5;133m▄[48;5;231;38;5;133m▄[38;5;231m███[48;5;16;38;5;16m█[48;5;231;38;5;231m████[38;5;221m▄[48;5;16;38;5;16m█[49;39m  [00m
    [48;5;16;38;5;16m█[48;5;221;38;5;221m██[48;5;231m▄[48;5;16;38;5;16m█[48;5;221;38;5;221m█[48;5;231m▄▄[48;5;221;38;5;133m▄[48;5;16;38;5;221m▄[48;5;231;38;5;231m████[48;5;133;38;5;16m▄[48;5;231;38;5;231m███[38;5;221m▄[48;5;133m▄[48;5;231;38;5;133m▄[38;5;221m▄[48;5;221m██[48;5;16;38;5;16m█[48;5;221;38;5;231m▄[48;5;231;38;5;221m▄[48;5;221;38;5;231m▄[48;5;231;38;5;221m▄[48;5;221m█[48;5;16;38;5;16m█[49;39m [00m
   [38;5;16m▄[48;5;133;38;5;221m▄[48;5;221m███[38;5;16m▄[48;5;16;38;5;133m▄▄[48;5;221;38;5;16m▄[48;5;16m█[48;5;221;38;5;221m████[48;5;133;38;5;16m▄[48;5;16m█[48;5;221m▄[38;5;221m████[48;5;16;38;5;16m█[48;5;221m▄[48;5;16;38;5;133m▄[38;5;16m█[48;5;221;38;5;221m██[48;5;231m▄[48;5;221m█[48;5;231m▄[48;5;221m█[48;5;16m▄[49;38;5;16m▄[39m[00m
   [48;5;16;38;5;16m█[48;5;221;38;5;221m███[38;5;16m▄[48;5;16;38;5;133m▄[48;5;133m█[48;5;16;38;5;231m▄[48;5;231;38;5;16m▄▄[48;5;16;38;5;231m▄[38;5;16m█[38;5;133m▄▄[48;5;133m███[48;5;16m▄▄[38;5;16m█[38;5;231m▄[48;5;231;38;5;16m▄▄[48;5;16;38;5;231m▄[48;5;133;38;5;133m█[48;5;16m▄[48;5;221;38;5;221m██████[48;5;16;38;5;16m█[49;39m[00m
   [38;5;16m▀[48;5;221m▄[38;5;221m██[48;5;16;38;5;16m█[48;5;133;38;5;133m█[48;5;16;38;5;16m█[48;5;231;38;5;231m█[48;5;16;38;5;16m█[48;5;231m▄[48;5;16m█[48;5;231;38;5;231m█[48;5;16;38;5;16m█[38;5;133m▄[48;5;133m███[48;5;16m▄[38;5;16m█[48;5;231;38;5;231m█[48;5;16;38;5;16m█[48;5;231m▄[48;5;16m█[48;5;231;38;5;231m█[48;5;16;38;5;16m█[48;5;133;38;5;133m█[48;5;16;38;5;16m█[48;5;221;38;5;221m█████[48;5;16;38;5;133m▄[49;39m[00m
    [38;5;16m▀[48;5;221m▄[38;5;221m██[48;5;16;38;5;16m█[48;5;133;38;5;133m█[48;5;16m▄[48;5;231;38;5;16m▄▄▄[48;5;16;38;5;133m▄[48;5;133m█[38;5;16m▄▄▄▄▄[38;5;133m█[48;5;16m▄[48;5;231;38;5;16m▄▄▄[48;5;16;38;5;133m▄[48;5;133m█[38;5;16m▄[48;5;16;38;5;221m▄[48;5;221m████[48;5;16;38;5;133m▄[49;39m [00m
     [38;5;16m▀[48;5;221m▄[38;5;221m██[48;5;16;38;5;16m█[48;5;133m▄[38;5;133m███[38;5;16m▄[48;5;16;38;5;221m▄[48;5;231m▄▄[48;5;221m███[48;5;16m▄[48;5;133;38;5;16m▄[38;5;133m████[38;5;16m▄[48;5;16;38;5;221m▄[48;5;221m███[38;5;16m▄[49m▀[39m  [00m
       [48;5;133;38;5;16m▄[48;5;16;38;5;231m▄[48;5;231m██[48;5;16m▄▄[48;5;133;38;5;16m▄[48;5;16;38;5;133m▄[48;5;221;38;5;16m▄[48;5;16;38;5;221m▄▄▄▄▄[48;5;221;38;5;16m▄[48;5;16;38;5;133m▄[48;5;133;38;5;16m▄▄[48;5;16;38;5;221m▄[38;5;231m▄[48;5;133m▄[48;5;221;38;5;16m▄[38;5;133m▄[49;38;5;16m▀▀[39m    [00m
       [48;5;16;38;5;16m█[48;5;231;38;5;221m▄▄[38;5;231m███[38;5;221m▄[48;5;16;38;5;16m█[38;5;221m▄▄▄▄▄▄[38;5;231m▄▄[48;5;221m▄▄[48;5;231m█████[48;5;16m▄[49;38;5;16m▄[39m    [00m
        [38;5;16m▀[48;5;221m▄▄▄▄[48;5;16;38;5;221m▄[48;5;221;38;5;231m▄▄▄[48;5;231m█████████[48;5;133m▄[48;5;221;38;5;16m▄[48;5;231;38;5;221m▄▄[38;5;231m██[48;5;16m▄[49;38;5;16m▄[39m  [00m
         [38;5;16m▄[48;5;16;38;5;133m▄[48;5;133m█[48;5;221m▄[48;5;231m▄[38;5;221m▄▄[38;5;231m██████[38;5;221m▄▄[38;5;133m▄[48;5;221m▄[48;5;133m██[48;5;16;38;5;16m█[49m▀[48;5;221m▄▄[48;5;231m▄[49m▀[39m  [00m
         [48;5;16;38;5;133m▄[48;5;133m█[38;5;16m▄▄▄[38;5;133m███[48;5;221m▄▄▄▄[48;5;133m██████[38;5;16m▄[48;5;16;38;5;133m▄[49;39m       [00m
         [48;5;221;38;5;16m▄[48;5;16;38;5;231m▄[48;5;231;38;5;221m▄▄▄[48;5;221m█[48;5;16m▄[48;5;133;38;5;16m▄[38;5;133m█████[38;5;16m▄▄[38;5;221m▄[48;5;16m▄▄[48;5;221;38;5;16m▄[49m▀[39m       [00m
         [38;5;16m▀[48;5;221;38;5;133m▄[38;5;16m▄▄▄▄[38;5;133m▄[49;38;5;16m▀▀▀▀▀▀▀[38;5;133m▀▀[38;5;16m▀▀[39m         [00m
                                    [00m
