                     [38;5;16m▄[48;5;16;38;5;130m▄[48;5;130m█[38;5;16m▄▄[38;5;130m██[48;5;16m▄[38;5;16m█[38;5;130m▄▄▄[38;5;16m█[38;5;130m▄[48;5;130m█[38;5;16m▄▄[38;5;130m██[48;5;16;38;5;16m█[49;39m                 [00m
                     [38;5;16m▀[48;5;130m▄[38;5;130m█[48;5;227m▄[48;5;16m▄[48;5;130m██████████[48;5;16m▄[48;5;227m▄[48;5;130m█[38;5;16m▄[49;39m                  [00m
                     [38;5;16m▄[48;5;16;38;5;130m▄[48;5;130m█[38;5;16m▄▄▄▄[48;5;16m█[48;5;130;38;5;130m███[48;5;16;38;5;16m█[48;5;130m▄▄▄▄[38;5;130m███[48;5;16;38;5;16m█[49;39m                 [00m
        [38;5;16m▄▄[48;5;16;38;5;130m▄[38;5;231m▄▄▄▄[49;38;5;16m▄[39m     [48;5;16;38;5;16m█[48;5;130;38;5;130m███[48;5;231;38;5;16m▄[38;5;227m▄[48;5;16;38;5;231m▄[48;5;231m█[48;5;16m▄[48;5;130;38;5;227m▄[48;5;16m▄[48;5;231m▄[48;5;16m▄[48;5;231;38;5;16m▄▄[48;5;130;38;5;130m██[38;5;16m▄[48;5;16;38;5;130m▄[48;5;130;38;5;16m▄[48;5;16m█[49;39m                [00m
      [38;5;16m▄[48;5;16;38;5;130m▄[48;5;130m████[48;5;16;38;5;231m▄▄[48;5;231;38;5;16m▄[48;5;227m▄[49m▀[39m   [38;5;16m▄[48;5;16;38;5;130m▄[48;5;130m██[48;5;16;38;5;16m█[48;5;227;38;5;227m█[48;5;231m▄▄[48;5;16m▄[38;5;16m█[38;5;227m▄[48;5;227m█████[48;5;16;38;5;16m█[38;5;130m▄[48;5;130;38;5;16m▄[48;5;16;38;5;130m▄[48;5;130;38;5;16m▄[48;5;16m█[49m▄[38;5;130m▄[39m              [00m
     [48;5;16;38;5;16m█[48;5;130;38;5;130m█████[48;5;16;38;5;231m▄▄[48;5;231;38;5;16m▄[38;5;227m▄[48;5;16;38;5;16m█[49m▄▄[48;5;16;38;5;130m▄▄[38;5;16m█[48;5;130;38;5;130m██[48;5;16;38;5;16m█[48;5;227;38;5;227m██[38;5;16m▄[48;5;16;38;5;227m▄[38;5;16m█[48;5;130m▄▄[48;5;16m█[38;5;227m▄[48;5;227;38;5;16m▄[38;5;227m███[48;5;16;38;5;16m███[48;5;130m▄[48;5;16;38;5;130m▄[48;5;130;38;5;16m▄[48;5;16;38;5;130m▄[38;5;16m█[49;38;5;130m▄[39m            [00m
    [48;5;16;38;5;16m█[48;5;130;38;5;130m██████[48;5;16m▄[48;5;231;38;5;16m▄[38;5;227m▄[48;5;16;38;5;16m█[48;5;130m▄[48;5;16;38;5;130m▄▄▄[48;5;130m█[48;5;16m▄[48;5;130m██[48;5;16m▄[48;5;227;38;5;16m▄[38;5;227m███████████[38;5;16m▄[48;5;16m███[48;5;130m▄[48;5;16;38;5;130m▄[48;5;130;38;5;16m▄[48;5;16;38;5;130m▄[48;5;130m█[48;5;16;38;5;16m█[38;5;130m▄▄[49;38;5;16m▄▄[39m        [00m
    [48;5;16;38;5;16m█[48;5;130;38;5;130m████████[48;5;16;38;5;16m█[48;5;130;38;5;130m███[38;5;16m▄[38;5;130m███████[48;5;16m▄[48;5;227;38;5;16m▄▄[38;5;227m█████[38;5;16m▄▄[48;5;16m████[38;5;130m▄[48;5;130;38;5;16m▄[48;5;16;38;5;130m▄[48;5;130;38;5;16m▄[48;5;16;38;5;130m▄[48;5;130m██[38;5;16m▄[48;5;16;38;5;227m▄[38;5;231m▄▄▄[38;5;130m▄[49;38;5;16m▄▄[39m    [00m
   [48;5;16;38;5;16m█[48;5;130;38;5;130m█████████[48;5;16;38;5;16m██[38;5;130m▄▄[48;5;130m█████████[38;5;16m▄[48;5;16;38;5;130m▄[38;5;16m█[38;5;130m▄[38;5;16m███████[38;5;130m▄[48;5;130;38;5;16m▄[48;5;16;38;5;130m▄[48;5;130;38;5;16m▄[48;5;16;38;5;130m▄[48;5;130;38;5;16m▄[48;5;16;38;5;130m▄[48;5;130m██[38;5;16m▄[48;5;16m█[38;5;231m▄▄[48;5;130;38;5;130m████[48;5;16m▄[49;38;5;16m▄[39m  [00m
   [48;5;16;38;5;16m█[48;5;130;38;5;130m████████[48;5;16;38;5;16m███[48;5;130m▄▄▄[48;5;16m█[38;5;130m▄[48;5;130m███████[48;5;16;38;5;227m▄[48;5;130m▄[48;5;16m▄[48;5;130m▄[48;5;16m▄[48;5;130m▄[48;5;16m▄[48;5;130;38;5;16m▄[48;5;16;38;5;130m▄[48;5;130;38;5;16m▄[48;5;16;38;5;130m▄[48;5;130;38;5;16m▄[48;5;16;38;5;130m▄[48;5;130;38;5;16m▄[48;5;16;38;5;130m▄[48;5;130;38;5;16m▄[48;5;16;38;5;130m▄[48;5;130m█[48;5;16;38;5;16m█[48;5;227m▄[48;5;231m▄[48;5;16m█[38;5;231m▄▄[48;5;130;38;5;130m████[48;5;16m▄[49;38;5;16m▄[39m [00m
   [48;5;16;38;5;16m█[48;5;130;38;5;130m████████[48;5;16;38;5;16m██████[38;5;130m▄[48;5;130m█████[38;5;227m▄[48;5;227m██[38;5;130m▄[38;5;16m▄[38;5;130m▄[38;5;16m▄[38;5;130m▄[38;5;16m▄[38;5;130m▄[38;5;227m██[48;5;130m▄[48;5;16;38;5;130m▄[48;5;130;38;5;16m▄[48;5;16;38;5;130m▄[48;5;130;38;5;16m▄[48;5;16;38;5;130m▄[48;5;130m██[38;5;16m▄[38;5;130m██[48;5;16;38;5;16m█[48;5;231;38;5;227m▄[38;5;16m▄[48;5;16;38;5;130m▄[48;5;130m█████[48;5;16m▄[49;38;5;16m▄[39m[00m
   [48;5;16;38;5;130m▄[48;5;130;38;5;16m▄[38;5;130m██████[48;5;16;38;5;16m██[38;5;130m▄[48;5;130;38;5;16m▄[48;5;16;38;5;130m▄[38;5;16m██[48;5;130;38;5;130m████[38;5;227m▄[48;5;227m█[38;5;130m▄[48;5;130m████[48;5;16m▄[48;5;130m█[48;5;16m▄[48;5;130;38;5;16m▄[48;5;16;38;5;130m▄[48;5;130;38;5;16m▄[48;5;16;38;5;130m▄[48;5;227;38;5;16m▄[38;5;227m█[48;5;130m▄[38;5;130m█████[48;5;16;38;5;16m██[48;5;130m▄▄[48;5;16m█[48;5;130;38;5;130m████████[48;5;16;38;5;16m█[49;39m[00m
    [38;5;16m▀[48;5;16m█[48;5;130m▄[48;5;16;38;5;130m▄[48;5;130;38;5;16m▄[48;5;16;38;5;130m▄[48;5;130;38;5;16m▄[48;5;16;38;5;130m▄[48;5;130;38;5;16m▄[48;5;16m█[48;5;130m▄[48;5;16m█[48;5;130m▄[48;5;16;38;5;130m▄[48;5;130m███[38;5;231m▄[48;5;231;38;5;227m▄[48;5;227;38;5;130m▄[48;5;130m█████████████[48;5;227m▄[38;5;227m█[48;5;130m▄[38;5;130m████[48;5;16;38;5;16m█████[48;5;130;38;5;130m████████[48;5;16;38;5;16m█[49;39m[00m
       [38;5;16m▀[38;5;130m▀[38;5;16m▀[38;5;130m▀[38;5;16m▀[38;5;130m▀[39m   [48;5;16;38;5;16m█[48;5;130;38;5;130m████[48;5;227;38;5;231m▄[48;5;231;38;5;227m▄[48;5;130;38;5;130m███████████████[48;5;227;38;5;227m██[48;5;130;38;5;130m████[48;5;16m▄[38;5;16m██[38;5;130m▄[38;5;16m█[48;5;130m▄[38;5;130m███████[48;5;16;38;5;16m█[49;39m[00m
               [48;5;130;38;5;16m▄[48;5;16;38;5;130m▄[48;5;130m████[48;5;227;38;5;231m▄[48;5;231;38;5;227m▄[48;5;130;38;5;130m███████████████[48;5;227;38;5;227m██[48;5;130;38;5;130m█████[48;5;16;38;5;16m█[49;38;5;130m▀[48;5;16m▄[38;5;16m██[48;5;130m▄[38;5;130m██████[48;5;16;38;5;16m█[49;39m[00m
               [48;5;16;38;5;16m█[48;5;130;38;5;130m█████[48;5;227m▄[48;5;231;38;5;227m▄[48;5;130m▄[38;5;130m█████████████[38;5;227m▄[48;5;227m█[38;5;130m▄[48;5;130m█████[48;5;16;38;5;16m█[49;39m  [38;5;16m▀[48;5;16m█[48;5;130m▄[48;5;16;38;5;130m▄[48;5;130;38;5;16m▄[38;5;130m█[38;5;16m▄[38;5;130m█[48;5;16;38;5;16m█[49;39m [00m
               [48;5;16;38;5;16m█[48;5;130;38;5;130m██████[48;5;227m▄[38;5;227m█[48;5;130m▄[38;5;130m███████████[38;5;227m▄[48;5;227m█[38;5;130m▄[48;5;130m█████[48;5;16m▄[38;5;16m█[49;39m    [38;5;16m▀[48;5;16m█[48;5;130m▄[48;5;16m█[48;5;130m▄[49m▀[39m  [00m
              [38;5;130m▄[48;5;16;38;5;16m█[48;5;130;38;5;130m████████[48;5;227m▄[38;5;227m██[48;5;130m▄▄▄▄▄▄▄[48;5;227m██[38;5;130m▄[48;5;130m███████[48;5;16m▄[48;5;130;38;5;16m▄[48;5;16m█[49;39m           [00m
              [48;5;16;38;5;16m█[48;5;130;38;5;130m████████████[48;5;227m▄▄▄▄▄▄▄[48;5;130m█████████[38;5;16m▄[48;5;16;38;5;130m▄[48;5;130;38;5;16m▄[48;5;16m█[49;39m           [00m
              [48;5;16;38;5;16m█[48;5;130;38;5;130m███████████████████████████[48;5;16m▄[48;5;130;38;5;16m▄[48;5;16;38;5;130m▄[48;5;130;38;5;16m▄[48;5;16m█[49;39m           [00m
              [48;5;16;38;5;16m█[48;5;130;38;5;130m████████████████████████[38;5;16m▄[38;5;130m█[38;5;16m▄[48;5;16;38;5;130m▄[48;5;130;38;5;16m▄[48;5;16;38;5;130m▄[48;5;130;38;5;16m▄[48;5;16m█[49;39m           [00m
              [48;5;16;38;5;16m█[48;5;130;38;5;130m██████[38;5;16m▄[38;5;130m█[38;5;16m▄[38;5;130m█████████[38;5;16m▄[38;5;130m█[38;5;16m▄[48;5;16;38;5;130m▄[48;5;130;38;5;16m▄[48;5;16;38;5;130m▄[48;5;130;38;5;16m▄[48;5;16;38;5;130m▄[48;5;130;38;5;16m▄[48;5;16;38;5;130m▄[48;5;130;38;5;16m▄[48;5;16;38;5;130m▄[48;5;130;38;5;16m▄[48;5;16m█[49;39m           [00m
              [48;5;16;38;5;16m█[48;5;130;38;5;130m██████[38;5;16m▄[48;5;16;38;5;130m▄[48;5;130;38;5;16m▄[48;5;16;38;5;130m▄[48;5;130;38;5;16m▄[48;5;16;38;5;130m▄[48;5;130;38;5;16m▄[48;5;16;38;5;130m▄[48;5;130;38;5;16m▄[48;5;16;38;5;130m▄[48;5;130;38;5;16m▄[48;5;16;38;5;130m▄[48;5;130;38;5;16m▄[48;5;16;38;5;130m▄[48;5;130;38;5;16m▄[48;5;16;38;5;130m▄[48;5;130;38;5;16m▄[48;5;16;38;5;130m▄[48;5;130;38;5;16m▄[48;5;16;38;5;130m▄[48;5;130;38;5;16m▄[48;5;16;38;5;130m▄[48;5;130;38;5;16m▄[48;5;16;38;5;130m▄[48;5;130;38;5;16m▄[48;5;16;38;5;130m▄[48;5;130;38;5;16m▄[49;39m          [00m
              [48;5;16;38;5;16m█[48;5;130;38;5;130m███████[48;5;16m▄[48;5;130;38;5;16m▄[48;5;16;38;5;130m▄[48;5;130;38;5;16m▄[48;5;16m█[48;5;130m▄[48;5;16m█[38;5;130m▄[38;5;16m█[38;5;130m▄[38;5;16m███[48;5;130m▄[48;5;16m█[48;5;130m▄[48;5;16;38;5;130m▄[48;5;130;38;5;16m▄[48;5;16;38;5;130m▄[48;5;130;38;5;16m▄[48;5;16;38;5;130m▄[48;5;130;38;5;16m▄[48;5;16;38;5;130m▄[48;5;130;38;5;16m▄[48;5;16;38;5;130m▄[38;5;16m█[49;39m          [00m
             [48;5;130;38;5;16m▄[48;5;16;38;5;130m▄[48;5;130m███████[48;5;16m▄[48;5;130m█[48;5;16;38;5;16m█[49m▀[39m [38;5;16m▀▀[48;5;130m▄▄[48;5;16m███[49m▀▀▀[48;5;16m██[48;5;130m▄[48;5;16;38;5;130m▄[48;5;130;38;5;16m▄[48;5;16;38;5;130m▄[48;5;130;38;5;16m▄[48;5;16;38;5;130m▄[48;5;130;38;5;16m▄[48;5;16;38;5;130m▄[38;5;16m█[49;39m          [00m
             [48;5;16;38;5;16m█[48;5;130;38;5;130m█████████[48;5;16;38;5;16m█[49;39m              [38;5;16m▀[48;5;16m█[38;5;130m▄[48;5;130;38;5;16m▄[48;5;16;38;5;130m▄[48;5;130;38;5;16m▄[48;5;16;38;5;130m▄[48;5;130;38;5;16m▄[48;5;16;38;5;130m▄[38;5;16m█[49;39m          [00m
            [38;5;16m▀[48;5;231m▄[48;5;16m█[48;5;231m▄[48;5;130m▄[48;5;16m█[48;5;231m▄[48;5;130m▄▄[49m▀▀[39m                 [38;5;16m▀[48;5;130m▄[48;5;231m▄[48;5;130m▄[48;5;16m█[48;5;231m▄[48;5;16m█[48;5;231m▄[49m▀[39m         [00m
                                                          [00m
