           [38;5;16m▄[48;5;66;38;5;66m█[48;5;16;38;5;75m▄[48;5;75;38;5;231m▄[48;5;231m██████████[48;5;75m▄[38;5;75m██[48;5;16m▄[48;5;66m▄[49;38;5;16m▄[39m          [00m
         [38;5;16m▄[48;5;16;38;5;66m▄[48;5;66;38;5;75m▄[48;5;75;38;5;66m▄[38;5;75m██[48;5;231m▄▄[38;5;231m██████[38;5;75m▄▄[48;5;75m████[38;5;66m▄[38;5;75m█[48;5;16m▄[49;38;5;16m▄[39m        [00m
        [48;5;75;38;5;16m▄[48;5;16;38;5;75m▄[48;5;75m█[38;5;16m▄▄[48;5;16m█[48;5;75m▄[38;5;75m████████[38;5;66m▄[38;5;16m▄▄[38;5;75m████[48;5;16m▄[48;5;75;38;5;16m▄[38;5;75m█[48;5;16m▄[49;38;5;66m▄[39m      [00m
       [48;5;16;38;5;16m█[38;5;75m▄[48;5;75m█[38;5;66m▄[38;5;16m▄[38;5;75m█████████[48;5;66m▄[48;5;16m▄▄[48;5;75;38;5;16m▄▄[38;5;75m█████[48;5;16;38;5;66m▄[48;5;75;38;5;16m▄[38;5;75m█[48;5;16m▄[49;38;5;66m▄[39m     [00m
      [48;5;66;38;5;16m▄[48;5;75;38;5;75m██[48;5;16m▄[48;5;75m██[48;5;16m▄[48;5;75;38;5;16m▄▄[48;5;66;38;5;75m▄[48;5;16m▄▄[48;5;75;38;5;16m▄[38;5;75m██[38;5;16m▄▄[38;5;66m▄[38;5;75m███████[48;5;66;38;5;66m█[48;5;16;38;5;16m█[48;5;75;38;5;66m▄[38;5;75m█[48;5;16;38;5;16m█[49;39m     [00m
     [48;5;66;38;5;16m▄[48;5;75;38;5;75m█████████████[48;5;16m▄▄[48;5;75m███[48;5;16m▄[48;5;75;38;5;16m▄[38;5;75m█████[48;5;66;38;5;66m██[48;5;16;38;5;16m█[48;5;75;38;5;66m▄[38;5;75m█[48;5;66;38;5;16m▄[49;39m    [00m
    [38;5;66m▄[48;5;16;38;5;75m▄[48;5;75m█████████████████████████[48;5;66;38;5;66m██[48;5;16;38;5;16m█[48;5;66;38;5;66m█[48;5;75m▄[48;5;16;38;5;16m█[49;39m    [00m
    [48;5;16;38;5;16m█[48;5;75;38;5;75m█[38;5;66m▄[38;5;75m███████████████████████[48;5;66;38;5;66m███[48;5;16;38;5;16m█[48;5;66;38;5;66m██[48;5;16;38;5;16m█[49;39m    [00m
   [38;5;66m▄[48;5;16;38;5;75m▄[48;5;75m█[48;5;16;38;5;16m█[48;5;75;38;5;75m█████████████████[48;5;66;38;5;16m▄[48;5;75;38;5;75m████[38;5;66m▄[48;5;66m███[48;5;16;38;5;16m█[48;5;66m▄[49m▀[39m     [00m
   [48;5;16;38;5;16m█[48;5;75;38;5;75m██[48;5;16;38;5;16m█[48;5;75;38;5;75m████████████████[38;5;66m▄[48;5;16;38;5;75m▄[48;5;75m███[48;5;66;38;5;66m█[48;5;16m▄[48;5;66m██[48;5;16;38;5;16m█[49;39m        [00m
   [48;5;16;38;5;16m█[48;5;75;38;5;75m███[48;5;66;38;5;16m▄[48;5;75;38;5;75m██████████████[38;5;66m▄[48;5;16;38;5;75m▄[48;5;75m███[48;5;66;38;5;66m█[48;5;16;38;5;16m█[48;5;66;38;5;66m██[38;5;16m▄[49m▀[39m        [00m
   [48;5;16;38;5;66m▄[48;5;75;38;5;75m███[48;5;16;38;5;16m█[48;5;75;38;5;75m█████████████[38;5;16m▄[48;5;16;38;5;75m▄[48;5;75m███[48;5;66;38;5;66m█[48;5;16;38;5;16m█[48;5;66;38;5;66m██[38;5;16m▄[49m▀[39m         [00m
    [48;5;16;38;5;16m█[48;5;75;38;5;75m███[48;5;66;38;5;16m▄[48;5;75;38;5;66m▄[38;5;75m█████████[38;5;16m▄[48;5;16;38;5;66m▄[48;5;75;38;5;75m████[48;5;66;38;5;66m█[48;5;16;38;5;16m█[48;5;66;38;5;66m██[38;5;16m▄[49m▀[39m          [00m
    [48;5;16;38;5;66m▄[48;5;75;38;5;75m███[48;5;16m▄[48;5;66;38;5;16m▄[48;5;75;38;5;75m████████[38;5;16m▄[48;5;16;38;5;75m▄[48;5;75m████[48;5;66;38;5;66m█[48;5;16;38;5;16m█[48;5;66;38;5;66m██[38;5;16m▄[49m▀[39m           [00m
     [48;5;16;38;5;16m█[48;5;75;38;5;75m███[48;5;16;38;5;66m▄[48;5;66;38;5;16m▄[48;5;75;38;5;75m█████[38;5;16m▄[48;5;16;38;5;75m▄[48;5;75m████[38;5;66m▄[48;5;66m█[48;5;16;38;5;16m█[48;5;66;38;5;66m█[38;5;16m▄[48;5;16m█[49;39m             [00m
     [38;5;66m▀[48;5;75;38;5;16m▄[38;5;66m▄[48;5;66m██[48;5;16;38;5;16m█[48;5;75;38;5;75m█████[48;5;16;38;5;16m█[48;5;75;38;5;66m▄[38;5;75m███[38;5;66m▄[48;5;66m█[48;5;16;38;5;16m█[48;5;66;38;5;66m█[38;5;16m▄[49m▀[39m              [00m
      [38;5;16m▀[48;5;66m▄▄[48;5;16;38;5;66m▄[48;5;66m█[48;5;75;38;5;75m█████[48;5;66m▄[48;5;16;38;5;66m▄[48;5;66;38;5;16m▄[38;5;66m██[38;5;16m▄[48;5;16m█[48;5;66;38;5;66m█[38;5;16m▄[49m▀[39m               [00m
       [38;5;66m▀[48;5;16m▄[48;5;66;38;5;16m▄[38;5;66m█[48;5;75m▄[38;5;75m██████[48;5;66m▄[48;5;16;38;5;66m▄▄[48;5;66m██[38;5;16m▄[48;5;16m█[49;38;5;66m▄[39m               [00m
        [38;5;16m▄[48;5;16;38;5;75m▄[48;5;66;38;5;16m▄[38;5;66m█[48;5;75m▄[38;5;75m█████[38;5;66m▄[48;5;66m████[48;5;16;38;5;16m████[48;5;66m▄[49m▄▄▄▄[48;5;66;38;5;231m▄[48;5;75;38;5;16m▄[48;5;16;38;5;231m▄[38;5;66m▄▄[48;5;66;38;5;231m▄[49;38;5;16m▄[38;5;66m▄[39m [00m
      [38;5;66m▄[38;5;16m▄[48;5;16m█[38;5;66m▄[48;5;66m██████████████[48;5;16m▄[38;5;75m▄▄[38;5;16m█████[48;5;66m▄[48;5;231m▄[48;5;66m▄▄[48;5;231m▄[48;5;16;38;5;231m▄[48;5;231;38;5;16m▄[48;5;16m█[48;5;66m▄[49;39m[00m
    [48;5;66;38;5;16m▄[48;5;16;38;5;75m▄[48;5;231m▄▄[48;5;75m██[48;5;66;38;5;66m██[38;5;16m▄▄▄▄▄[38;5;66m████[38;5;75m▄[48;5;16m▄[38;5;231m▄[48;5;66;38;5;16m▄▄[38;5;66m█[48;5;75m▄[48;5;16;38;5;16m█[38;5;66m▄[38;5;16m██████████[49m▀[39m[00m
    [38;5;16m▀[48;5;66m▄[48;5;75;38;5;66m▄▄[48;5;66m█[38;5;16m▄▄[49m▀[39m     [38;5;16m▀▀[48;5;66m▄[38;5;66m█[48;5;75m▄[38;5;75m██[48;5;231m▄[48;5;75;38;5;66m▄[48;5;16;38;5;16m█[49m▀[39m    [38;5;66m▀[38;5;16m▀▀▀▀▀[39m   [00m
      [38;5;16m▀▀▀[38;5;66m▀[39m         [38;5;66m▀[38;5;16m▀▀[48;5;66m▄▄▄[48;5;16;38;5;66m▄[49m▀[39m              [00m
                                         [00m
